f8686b41f44f,28f40919fc72,14,1685202968508,38699,116456666,460,1879701,86679605
f8686b41f44f,28f40919fc72,18,1685203174901,38699,161869341,460,1879701,86679605
f8686b41f44f,28f40919fc72,39,1685203174967,38699,161869341,460,1879701,86679605
f8686b41f44f,28f40919fc72,20,1685203186099,38699,161481504,460,1879701,86679605
f8686b41f44f,28f40919fc72,2,1685203189377,38699,161869341,460,1879701,86679605
f8686b41f44f,28f40919fc72,36,1685203189422,38699,161869341,460,1879701,86679605
f8686b41f44f,28f40919fc72,39,1685203189447,38699,161869341,460,1879701,86679605
f8686b41f44f,28f40919fc72,39,1685203191771,38699,116456676,460,1879701,86679605
f8686b41f44f,28f40919fc72,2,1685203215467,38699,116456671,460,1879701,86679605
f8686b41f44f,28f40919fc72,18,1685203215471,38699,116456671,460,1879701,86679605
f8686b41f44f,28f40919fc72,36,1685203215498,38699,116456671,460,1879701,86679605
f8686b41f44f,28f40919fc72,39,1685203215538,38699,116456671,460,1879701,86679605
f8686b41f44f,28f40919fc72,20,1685203241355,38699,116456671,460,1879701,86679605
f8686b41f44f,28f40919fc72,2,1685203256557,38699,116456671,460,1879701,86679605
f8686b41f44f,28f40919fc72,18,1685203256561,38699,116456671,460,1879701,86679605
f8686b41f44f,28f40919fc72,36,1685203256587,38699,116456671,460,1879701,86679605
f8686b41f44f,28f40919fc72,39,1685203256613,38699,116456671,460,1879701,86679605
f8686b41f44f,28f40919fc72,20,1685203266514,38699,116456671,460,1879701,86679605
f8686b41f44f,28f40919fc72,2,1685203445258,38699,116456671,460,1879701,86679605
f8686b41f44f,28f40919fc72,18,1685203445262,38699,116456671,460,1879701,86679605
f8686b41f44f,28f40919fc72,36,1685203445283,38699,116456671,460,1879701,86679605
f8686b41f44f,28f40919fc72,39,1685203445308,38699,116456671,460,1879701,86679605
f8686b41f44f,28f40919fc72,20,1685203455179,38699,116456671,460,1879701,86679605
f8686b41f44f,28f40919fc72,2,1685203478007,38699,116456671,460,1879701,86679605
f8686b41f44f,28f40919fc72,4,1685203520418,38699,116456671,460,1879701,86679605
f8686b41f44f,28f40919fc72,18,1685203521535,38699,116456671,460,1879701,86679605
f8686b41f44f,28f40919fc72,39,1685203521598,38699,116456671,460,1879701,86679605
f8686b41f44f,28f40919fc72,20,1685203531430,38699,116456671,460,1879701,86679605
f8686b41f44f,28f40919fc72,2,1685203532098,38699,161481504,460,1879701,86679605
f8686b41f44f,28f40919fc72,18,1685203532101,38699,161481504,460,1879701,86679605
f8686b41f44f,28f40919fc72,39,1685203532174,38699,161481504,460,1879701,86679605
f8686b41f44f,28f40919fc72,20,1685203565070,38699,161481504,460,1879701,86679605
f8686b41f44f,28f40919fc72,2,1685203566618,38699,161481504,460,1879701,86679605
f8686b41f44f,28f40919fc72,18,1685203566621,38699,161481504,460,1879701,86679605
f8686b41f44f,28f40919fc72,36,1685203566648,38699,161481504,460,1879701,86679605
f8686b41f44f,28f40919fc72,39,1685203566693,38699,161481504,460,1879701,86679605
f8686b41f44f,28f40919fc72,20,1685203586551,38699,161481504,460,1879701,86679605
f8686b41f44f,28f40919fc72,36,1685203639512,38699,161869341,460,1879701,86679605
f8686b41f44f,28f40919fc72,14,1685203641677,38699,161481504,460,1879701,86679605
f8686b41f44f,28f40919fc72,20,1685203651569,38699,161481504,460,1879701,86679605
f8686b41f44f,28f40919fc72,4,1685203670307,38699,161869341,460,1879701,86679605
f8686b41f44f,28f40919fc72,2,1685203672592,38699,161869341,460,1879701,86679605
f8686b41f44f,28f40919fc72,18,1685203672595,38699,161869341,460,1879701,86679605
f8686b41f44f,28f40919fc72,36,1685203672637,38699,161869341,460,1879701,86679605
f8686b41f44f,28f40919fc72,39,1685203672662,38699,161869341,460,1879701,86679605
f8686b41f44f,28f40919fc72,14,1685203674322,38699,116456666,460,1879701,86679605
f8686b41f44f,28f40919fc72,39,1685203674333,38699,116456666,460,1879701,86679605
f8686b41f44f,28f40919fc72,20,1685203684217,38699,116456666,460,1879701,86679605
f8686b41f44f,28f40919fc72,2,1685203699457,38699,161869341,460,1879701,86679605
f8686b41f44f,28f40919fc72,39,1685203699527,38699,161869341,460,1879701,86679605
f8686b41f44f,28f40919fc72,39,1685203700981,38699,116456666,460,1879701,86679605
f8686b41f44f,28f40919fc72,20,1685203710817,38699,116456666,460,1879701,86679605
f8686b41f44f,28f40919fc72,2,1685203734162,38699,161869341,460,1879701,86679605
f8686b41f44f,28f40919fc72,18,1685203734167,38699,161869341,460,1879701,86679605
f8686b41f44f,28f40919fc72,36,1685203734202,38699,161869341,460,1879701,86679605
f8686b41f44f,28f40919fc72,39,1685203734232,38699,161869341,460,1879701,86679605
f8686b41f44f,28f40919fc72,14,1685203736949,38699,116456666,460,1879701,86679605
f8686b41f44f,28f40919fc72,20,1685203756857,38699,116456666,460,1879701,86679605
f8686b41f44f,28f40919fc72,2,1685203774557,38699,161869341,460,1879701,86679605
f8686b41f44f,28f40919fc72,18,1685203774560,38699,161869341,460,1879701,86679605
f8686b41f44f,28f40919fc72,39,1685203774627,38699,161869341,460,1879701,86679605
f8686b41f44f,28f40919fc72,20,1685203811875,38699,116456676,460,1879701,86679605
f8686b41f44f,28f40919fc72,2,1685203813977,38699,116456671,460,1879701,86679605
f8686b41f44f,28f40919fc72,18,1685203813979,38699,116456671,460,1879701,86679605
f8686b41f44f,28f40919fc72,4,1685203825983,38699,161869341,460,1879701,86679605
f8686b41f44f,28f40919fc72,2,1685203828757,38699,161869341,460,1879701,86679605
f8686b41f44f,28f40919fc72,18,1685203828761,38699,161869341,460,1879701,86679605
f8686b41f44f,28f40919fc72,36,1685203828802,38699,161869341,460,1879701,86679605
f8686b41f44f,28f40919fc72,39,1685203828827,38699,161869341,460,1879701,86679605
f8686b41f44f,28f40919fc72,14,1685203831350,38699,116456676,460,1879701,86679605
f8686b41f44f,28f40919fc72,39,1685203831362,38699,116456676,460,1879701,86679605
f8686b41f44f,28f40919fc72,20,1685203846304,38699,116456676,460,1879701,86679605
f8686b41f44f,28f40919fc72,18,1685203888625,38699,161869341,460,1879701,86679605
f8686b41f44f,28f40919fc72,36,1685203888677,38699,161869341,460,1879701,86679605
f8686b41f44f,28f40919fc72,39,1685203888702,38699,161869341,460,1879701,86679605
f8686b41f44f,28f40919fc72,20,1685203899760,38699,116456676,460,1879701,86679605
f8686b41f44f,28f40919fc72,4,1685203903622,38699,116456671,460,1879701,86679605
f8686b41f44f,28f40919fc72,18,1685203904229,38699,116456671,460,1879701,86679605
f8686b41f44f,28f40919fc72,36,1685203904258,38699,116456671,460,1879701,86679605
f8686b41f44f,28f40919fc72,20,1685203914114,38699,116456671,460,1879701,86679605
f8686b41f44f,28f40919fc72,2,1685203941477,38699,116456671,460,1879701,86679605
f8686b41f44f,28f40919fc72,18,1685203941480,38699,116456671,460,1879701,86679605
f8686b41f44f,28f40919fc72,39,1685203941532,38699,116456671,460,1879701,86679605
f8686b41f44f,28f40919fc72,20,1685203967459,38699,116456671,460,1879701,86679605
f8686b41f44f,28f40919fc72,20,1685204065849,38699,116456671,460,1879701,86679605
f8686b41f44f,28f40919fc72,18,1685204070660,38699,116456671,460,1879701,86679605
f8686b41f44f,28f40919fc72,39,1685204070723,38699,116456671,460,1879701,86679605
f8686b41f44f,28f40919fc72,2,1685204085711,38699,116456676,460,1879701,86679605
f8686b41f44f,28f40919fc72,36,1685204085739,38699,116456676,460,1879701,86679605
f8686b41f44f,28f40919fc72,20,1685204095698,38699,116456676,460,1879701,86679605
f8686b41f44f,28f40919fc72,2,1685204097526,38699,116456676,460,1879701,86679605
f8686b41f44f,28f40919fc72,36,1685204097554,38699,116456676,460,1879701,86679605
f8686b41f44f,28f40919fc72,2,1685204127277,38699,116456671,460,1879701,86679605
f8686b41f44f,28f40919fc72,36,1685204127307,38699,116456671,460,1879701,86679605
f8686b41f44f,28f40919fc72,2,1685204146127,38699,116456671,460,1879701,86679605
f8686b41f44f,28f40919fc72,39,1685204146187,38699,116456671,460,1879701,86679605
f8686b41f44f,28f40919fc72,36,1685204242217,38699,161869341,460,1879701,86679605
f8686b41f44f,28f40919fc72,39,1685204242242,38699,161869341,460,1879701,86679605
f8686b41f44f,28f40919fc72,4,1685204255916,38699,116456676,460,1879701,86679605
f8686b41f44f,28f40919fc72,18,1685204256255,38699,116456676,460,1879701,86679605
f8686b41f44f,28f40919fc72,2,1685204356091,38699,161869341,460,1879701,86679605
f8686b41f44f,28f40919fc72,18,1685204356096,38699,161869341,460,1879701,86679605
f8686b41f44f,28f40919fc72,39,1685204356171,38699,161869341,460,1879701,86679605
f8686b41f44f,28f40919fc72,14,1685204358587,38699,116456666,460,1879701,86679605
f8686b41f44f,28f40919fc72,18,1685204374910,38699,161869341,460,1879701,86679605
f8686b41f44f,28f40919fc72,36,1685204374951,38699,161869341,460,1879701,86679605
f8686b41f44f,28f40919fc72,14,1685204376349,38699,116456676,460,1879701,86679605
f8686b41f44f,28f40919fc72,39,1685204376360,38699,116456676,460,1879701,86679605
f8686b41f44f,28f40919fc72,4,1685204396838,38699,161869341,460,1879701,86679605
f8686b41f44f,28f40919fc72,18,1685204397695,38699,161869341,460,1879701,86679605
f8686b41f44f,28f40919fc72,36,1685204397732,38699,161869341,460,1879701,86679605
f8686b41f44f,28f40919fc72,39,1685204397761,38699,161869341,460,1879701,86679605
f8686b41f44f,28f40919fc72,14,1685204400277,38699,116456666,460,1879701,86679605
f8686b41f44f,28f40919fc72,39,1685204400289,38699,116456666,460,1879701,86679605
f8686b41f44f,28f40919fc72,20,1685204410182,38699,116456666,460,1879701,86679605
f8686b41f44f,28f40919fc72,4,1685204417436,38699,161869341,460,1879701,86679605
f8686b41f44f,28f40919fc72,18,1685204420086,38699,161869341,460,1879701,86679605
f8686b41f44f,28f40919fc72,39,1685204420151,38699,161869341,460,1879701,86679605
f8686b41f44f,28f40919fc72,14,1685204423047,38699,116456666,460,1879701,86679605
f8686b41f44f,28f40919fc72,39,1685204423058,38699,116456666,460,1879701,86679605
f8686b41f44f,28f40919fc72,20,1685204432936,38699,116456666,460,1879701,86679605
f8686b41f44f,28f40919fc72,4,1685204516704,38699,161869341,460,1879701,86679605
f8686b41f44f,28f40919fc72,2,1685204519932,38699,161869341,460,1879701,86679605
f8686b41f44f,28f40919fc72,36,1685204519986,38699,161869341,460,1879701,86679605
f8686b41f44f,28f40919fc72,39,1685204520012,38699,161869341,460,1879701,86679605
f8686b41f44f,28f40919fc72,20,1685204532249,38699,116456676,460,1879701,86679605
f8686b41f44f,28f40919fc72,2,1685204535868,38699,161481504,460,1879701,86679605
f8686b41f44f,28f40919fc72,36,1685204535897,38699,161481504,460,1879701,86679605
f8686b41f44f,28f40919fc72,39,1685204535938,38699,161481504,460,1879701,86679605
f8686b41f44f,28f40919fc72,20,1685204545779,38699,161481504,460,1879701,86679605
f8686b41f44f,28f40919fc72,2,1685204556681,38699,161869341,460,1879701,86679605
f8686b41f44f,28f40919fc72,36,1685204556726,38699,161869341,460,1879701,86679605
f8686b41f44f,28f40919fc72,39,1685204556751,38699,161869341,460,1879701,86679605
f8686b41f44f,28f40919fc72,14,1685204558957,38699,116456666,460,1879701,86679605
f8686b41f44f,28f40919fc72,4,1685204618104,38699,161869341,460,1879701,86679605
f8686b41f44f,28f40919fc72,2,1685204621061,38699,161869341,460,1879701,86679605
f8686b41f44f,28f40919fc72,18,1685204621064,38699,161869341,460,1879701,86679605
f8686b41f44f,28f40919fc72,36,1685204621106,38699,161869341,460,1879701,86679605
f8686b41f44f,28f40919fc72,39,1685204621132,38699,161869341,460,1879701,86679605
f8686b41f44f,28f40919fc72,39,1685204623125,38699,116456676,460,1879701,86679605
f8686b41f44f,28f40919fc72,20,1685204633069,38699,116456676,460,1879701,86679605
f8686b41f44f,28f40919fc72,2,1685204641156,38699,161869341,460,1879701,86679605
f8686b41f44f,28f40919fc72,36,1685204641211,38699,161869341,460,1879701,86679605
f8686b41f44f,28f40919fc72,39,1685204641236,38699,161869341,460,1879701,86679605
f8686b41f44f,28f40919fc72,39,1685204643708,38699,116456666,460,1879701,86679605
f8686b41f44f,28f40919fc72,18,1685204657046,38699,161869341,460,1879701,86679605
f8686b41f44f,28f40919fc72,20,1685204669300,38699,161481504,460,1879701,86679605
f8686b41f44f,28f40919fc72,2,1685204671176,38699,161481504,460,1879701,86679605
f8686b41f44f,28f40919fc72,18,1685204671179,38699,161481504,460,1879701,86679605
f8686b41f44f,28f40919fc72,36,1685204682477,38699,161481504,460,1879701,86679605
f8686b41f44f,28f40919fc72,39,1685204682517,38699,161481504,460,1879701,86679605
f8686b41f44f,28f40919fc72,20,1685204692357,38699,161481504,460,1879701,86679605
f8686b41f44f,28f40919fc72,2,1685204716236,38699,161869341,460,1879701,86679605
f8686b41f44f,28f40919fc72,36,1685204716281,38699,161869341,460,1879701,86679605
f8686b41f44f,28f40919fc72,20,1685204727625,38699,116456666,460,1879701,86679605
f8686b41f44f,28f40919fc72,39,1685204833611,38699,161869341,460,1879701,86679605
f8686b41f44f,28f40919fc72,14,1685204835685,38699,116456676,460,1879701,86679605
f8686b41f44f,28f40919fc72,39,1685204835697,38699,116456676,460,1879701,86679605
f8686b41f44f,28f40919fc72,2,1685204858201,38699,161869341,460,1879701,86679605
f8686b41f44f,28f40919fc72,36,1685204858251,38699,161869341,460,1879701,86679605
f8686b41f44f,28f40919fc72,14,1685204859648,38699,116456676,460,1879701,86679605
f8686b41f44f,28f40919fc72,2,1685204926251,38699,161869341,460,1879701,86679605
f8686b41f44f,28f40919fc72,39,1685204926321,38699,161869341,460,1879701,86679605
f8686b41f44f,28f40919fc72,39,1685204929375,38699,116456676,460,1879701,86679605
f8686b41f44f,28f40919fc72,2,1685204941988,38699,161481504,460,1879701,86679605
f8686b41f44f,28f40919fc72,39,1685204942061,38699,161481504,460,1879701,86679605
f8686b41f44f,28f40919fc72,20,1685204951880,38699,161481504,460,1879701,86679605
f8686b41f44f,28f40919fc72,4,1685204966934,38699,161869338,460,1879701,86679605
f8686b41f44f,28f40919fc72,18,1685204969221,38699,161869338,460,1879701,86679605
f8686b41f44f,28f40919fc72,36,1685204969246,38699,161869338,460,1879701,86679605
f8686b41f44f,28f40919fc72,39,1685204972939,38699,161481504,460,1879701,86679605
f8686b41f44f,28f40919fc72,20,1685204985867,38699,161481504,460,1879701,86679605
f8686b41f44f,28f40919fc72,18,1685204986778,38699,161481504,460,1879701,86679605
f8686b41f44f,28f40919fc72,36,1685204986806,38699,161481504,460,1879701,86679605
f8686b41f44f,28f40919fc72,39,1685204986851,38699,161481504,460,1879701,86679605
f8686b41f44f,28f40919fc72,20,1685204996711,38699,161481504,460,1879701,86679605
f8686b41f44f,28f40919fc72,4,1685205002179,38699,161869341,460,1879701,86679605
f8686b41f44f,28f40919fc72,2,1685205005041,38699,161869341,460,1879701,86679605
f8686b41f44f,28f40919fc72,36,1685205005081,38699,161869341,460,1879701,86679605
f8686b41f44f,28f40919fc72,39,1685205005111,38699,161869341,460,1879701,86679605
f8686b41f44f,28f40919fc72,14,1685205007617,38699,116456666,460,1879701,86679605
f8686b41f44f,28f40919fc72,39,1685205007627,38699,116456666,460,1879701,86679605
f8686b41f44f,28f40919fc72,20,1685205027506,38699,116456666,460,1879701,86679605
f8686b41f44f,28f40919fc72,4,1685205091717,38699,161869341,460,1879701,86679605
f8686b41f44f,28f40919fc72,2,1685205094626,38699,161869341,460,1879701,86679605
f8686b41f44f,28f40919fc72,36,1685205094671,38699,161869341,460,1879701,86679605
f8686b41f44f,28f40919fc72,39,1685205094696,38699,161869341,460,1879701,86679605
f8686b41f44f,28f40919fc72,2,1685205211366,38699,161869341,460,1879701,86679605
f8686b41f44f,28f40919fc72,18,1685205211370,38699,161869341,460,1879701,86679605
f8686b41f44f,28f40919fc72,36,1685205211416,38699,161869341,460,1879701,86679605
f8686b41f44f,28f40919fc72,39,1685205211447,38699,161869341,460,1879701,86679605
f8686b41f44f,28f40919fc72,20,1685205224192,38699,116456666,460,1879701,86679605
f8686b41f44f,28f40919fc72,18,1685205227018,38699,161869341,460,1879701,86679605
f8686b41f44f,28f40919fc72,36,1685205227066,38699,161869341,460,1879701,86679605
f8686b41f44f,28f40919fc72,14,1685205229842,38699,116456666,460,1879701,86679605
f8686b41f44f,28f40919fc72,20,1685205239776,38699,116456666,460,1879701,86679605
f8686b41f44f,28f40919fc72,2,1685205245126,38699,161869341,460,1879701,86679605
f8686b41f44f,28f40919fc72,36,1685205245176,38699,161869341,460,1879701,86679605
f8686b41f44f,28f40919fc72,39,1685205245207,38699,161869341,460,1879701,86679605
f8686b41f44f,28f40919fc72,39,1685205246341,38699,116456676,460,1879701,86679605
f8686b41f44f,28f40919fc72,18,1685205287305,38699,161869341,460,1879701,86679605
f8686b41f44f,28f40919fc72,39,1685205287381,38699,161869341,460,1879701,86679605
f8686b41f44f,28f40919fc72,14,1685205288495,38699,116456676,460,1879701,86679605
f8686b41f44f,28f40919fc72,20,1685205306448,38699,116456676,460,1879701,86679605
f8686b41f44f,28f40919fc72,18,1685205316859,38699,161869341,460,1879701,86679605
f8686b41f44f,28f40919fc72,36,1685205316911,38699,161869341,460,1879701,86679605
f8686b41f44f,28f40919fc72,39,1685205316936,38699,161869341,460,1879701,86679605
f8686b41f44f,28f40919fc72,14,1685205318896,38699,161481504,460,1879701,86679605
f8686b41f44f,28f40919fc72,39,1685205318906,38699,161481504,460,1879701,86679605
f8686b41f44f,28f40919fc72,20,1685205328805,38699,161481504,460,1879701,86679605
f8686b41f44f,28f40919fc72,2,1685205496451,38699,161869341,460,1879701,86679605
f8686b41f44f,28f40919fc72,18,1685205496453,38699,161869341,460,1879701,86679605
f8686b41f44f,28f40919fc72,39,1685205496532,38699,161869341,460,1879701,86679605
f8686b41f44f,28f40919fc72,39,1685205498650,38699,161481504,460,1879701,86679605
f8686b41f44f,28f40919fc72,20,1685205522553,38699,161481504,460,1879701,86679605
f8686b41f44f,28f40919fc72,4,1685205537172,38699,161869341,460,1879701,86679605
f8686b41f44f,28f40919fc72,2,1685205540091,38699,161869341,460,1879701,86679605
f8686b41f44f,28f40919fc72,36,1685205540146,38699,161869341,460,1879701,86679605
f8686b41f44f,28f40919fc72,39,1685205540171,38699,161869341,460,1879701,86679605
f8686b41f44f,28f40919fc72,20,1685205551958,38699,116456676,460,1879701,86679605
f8686b41f44f,28f40919fc72,4,1685205574497,38699,161869341,460,1879701,86679605
f8686b41f44f,28f40919fc72,2,1685205574901,38699,161869341,460,1879701,86679605
f8686b41f44f,28f40919fc72,36,1685205574946,38699,161869341,460,1879701,86679605
f8686b41f44f,28f40919fc72,39,1685205574971,38699,161869341,460,1879701,86679605
f8686b41f44f,28f40919fc72,14,1685205577206,38699,116456666,460,1879701,86679605
f8686b41f44f,28f40919fc72,20,1685205587110,38699,116456666,460,1879701,86679605
f8686b41f44f,28f40919fc72,18,1685205605540,38699,161869341,460,1879701,86679605
f8686b41f44f,28f40919fc72,36,1685205605581,38699,161869341,460,1879701,86679605
f8686b41f44f,28f40919fc72,39,1685205608296,38699,116456676,460,1879701,86679605
f8686b41f44f,28f40919fc72,2,1685205683461,38699,161869341,460,1879701,86679605
f8686b41f44f,28f40919fc72,39,1685205683531,38699,161869341,460,1879701,86679605
f8686b41f44f,28f40919fc72,20,1685205696428,38699,116456676,460,1879701,86679605
f8686b41f44f,28f40919fc72,2,1685205781551,38699,161869341,460,1879701,86679605
f8686b41f44f,28f40919fc72,18,1685205781554,38699,161869341,460,1879701,86679605
f8686b41f44f,28f40919fc72,39,1685205781651,38699,161869341,460,1879701,86679605
f8686b41f44f,28f40919fc72,14,1685205782765,38699,116456676,460,1879701,86679605
f8686b41f44f,28f40919fc72,39,1685205782775,38699,116456676,460,1879701,86679605
f8686b41f44f,28f40919fc72,20,1685205792720,38699,116456676,460,1879701,86679605
f8686b41f44f,28f40919fc72,2,1685205797266,38699,161481504,460,1879701,86679605
f8686b41f44f,28f40919fc72,18,1685205797270,38699,161481504,460,1879701,86679605
f8686b41f44f,28f40919fc72,20,1685205810163,38699,161481504,460,1879701,86679605
f8686b41f44f,28f40919fc72,2,1685205813226,38699,161481504,460,1879701,86679605
f8686b41f44f,28f40919fc72,20,1685205833130,38699,161481504,460,1879701,86679605
f8686b41f44f,28f40919fc72,4,1685205842491,38699,161869338,460,1879701,86679605
f8686b41f44f,28f40919fc72,2,1685205844706,38699,161869338,460,1879701,86679605
f8686b41f44f,28f40919fc72,36,1685205844741,38699,161869338,460,1879701,86679605
f8686b41f44f,28f40919fc72,39,1685205844771,38699,161869338,460,1879701,86679605
f8686b41f44f,28f40919fc72,2,1685205876401,38699,161869341,460,1879701,86679605
f8686b41f44f,28f40919fc72,18,1685205876404,38699,161869341,460,1879701,86679605
f8686b41f44f,28f40919fc72,39,1685205876501,38699,161869341,460,1879701,86679605
f8686b41f44f,28f40919fc72,14,1685205878835,38699,116456676,460,1879701,86679605
f8686b41f44f,28f40919fc72,39,1685205878846,38699,116456676,460,1879701,86679605
f8686b41f44f,28f40919fc72,18,1685205906193,38699,161869341,460,1879701,86679605
f8686b41f44f,28f40919fc72,39,1685205906261,38699,161869341,460,1879701,86679605
f8686b41f44f,28f40919fc72,20,1685205918786,38699,161481504,460,1879701,86679605
f8686b41f44f,28f40919fc72,2,1685205945191,38699,161869341,460,1879701,86679605
f8686b41f44f,28f40919fc72,36,1685205945246,38699,161869341,460,1879701,86679605
f8686b41f44f,28f40919fc72,39,1685205945271,38699,161869341,460,1879701,86679605
f8686b41f44f,28f40919fc72,14,1685205947632,38699,161481504,460,1879701,86679605
f8686b41f44f,28f40919fc72,18,1685206067709,38699,161869341,460,1879701,86679605
f8686b41f44f,28f40919fc72,36,1685206067751,38699,161869341,460,1879701,86679605
f8686b41f44f,28f40919fc72,14,1685206070106,38699,116456666,460,1879701,86679605
f8686b41f44f,28f40919fc72,20,1685206079998,38699,116456666,460,1879701,86679605
f8686b41f44f,28f40919fc72,4,1685206081603,38699,161869341,460,1879701,86679605
f8686b41f44f,28f40919fc72,2,1685206082456,38699,161869341,460,1879701,86679605
f8686b41f44f,28f40919fc72,14,1685206085109,38699,116456676,460,1879701,86679605
f8686b41f44f,28f40919fc72,39,1685206085120,38699,116456676,460,1879701,86679605
f8686b41f44f,28f40919fc72,2,1685206095637,38699,116456676,460,1879701,86679605
f8686b41f44f,28f40919fc72,18,1685206095639,38699,116456676,460,1879701,86679605
f8686b41f44f,28f40919fc72,36,1685206095664,38699,116456676,460,1879701,86679605
f8686b41f44f,28f40919fc72,39,1685206095688,38699,116456676,460,1879701,86679605
f8686b41f44f,28f40919fc72,4,1685206325037,38699,161869341,460,1879701,86679605
f8686b41f44f,28f40919fc72,2,1685206327281,38699,161869341,460,1879701,86679605
f8686b41f44f,28f40919fc72,18,1685206327285,38699,161869341,460,1879701,86679605
f8686b41f44f,28f40919fc72,39,1685206327352,38699,161869341,460,1879701,86679605
f8686b41f44f,28f40919fc72,14,1685206329077,38699,116456666,460,1879701,86679605
f8686b41f44f,28f40919fc72,39,1685206329087,38699,116456666,460,1879701,86679605
f8686b41f44f,28f40919fc72,20,1685206338960,38699,116456666,460,1879701,86679605
f8686b41f44f,28f40919fc72,18,1685206343594,38699,161869341,460,1879701,86679605
f8686b41f44f,28f40919fc72,36,1685206343636,38699,161869341,460,1879701,86679605
f8686b41f44f,28f40919fc72,14,1685206346420,38699,116456676,460,1879701,86679605
f8686b41f44f,28f40919fc72,20,1685206368374,38699,116456676,460,1879701,86679605
f8686b41f44f,28f40919fc72,2,1685206368511,38699,116456676,460,1879701,86679605
f8686b41f44f,28f40919fc72,18,1685206368515,38699,116456676,460,1879701,86679605
f8686b41f44f,28f40919fc72,20,1685206378497,38699,116456676,460,1879701,86679605
f8686b41f44f,28f40919fc72,2,1685206392611,38699,161869341,460,1879701,86679605
f8686b41f44f,28f40919fc72,18,1685206392614,38699,161869341,460,1879701,86679605
f8686b41f44f,28f40919fc72,36,1685206392666,38699,161869341,460,1879701,86679605
f8686b41f44f,28f40919fc72,39,1685206392691,38699,161869341,460,1879701,86679605
f8686b41f44f,28f40919fc72,39,1685206394086,38699,116456676,460,1879701,86679605
f8686b41f44f,28f40919fc72,20,1685206404028,38699,116456676,460,1879701,86679605
f8686b41f44f,28f40919fc72,4,1685206452809,38699,161869341,460,1879701,86679605
f8686b41f44f,28f40919fc72,2,1685206455306,38699,161869341,460,1879701,86679605
f8686b41f44f,28f40919fc72,18,1685206455309,38699,161869341,460,1879701,86679605
f8686b41f44f,28f40919fc72,36,1685206455371,38699,161869341,460,1879701,86679605
f8686b41f44f,28f40919fc72,39,1685206458410,38699,116456676,460,1879701,86679605
f8686b41f44f,28f40919fc72,2,1685206637816,38699,116456676,460,1879701,86679605
f8686b41f44f,28f40919fc72,36,1685206637838,38699,116456676,460,1879701,86679605
f8686b41f44f,28f40919fc72,39,1685206637862,38699,116456676,460,1879701,86679605
f8686b41f44f,28f40919fc72,36,1685206653301,38699,161869341,460,1879701,86679605
f8686b41f44f,28f40919fc72,39,1685206653326,38699,161869341,460,1879701,86679605
f8686b41f44f,28f40919fc72,14,1685206655486,38699,161481504,460,1879701,86679605
f8686b41f44f,28f40919fc72,20,1685206665342,38699,161481504,460,1879701,86679605
f8686b41f44f,28f40919fc72,4,1685206678216,38699,161869341,460,1879701,86679605
f8686b41f44f,28f40919fc72,2,1685206680551,38699,161869341,460,1879701,86679605
f8686b41f44f,28f40919fc72,36,1685206680596,38699,161869341,460,1879701,86679605
f8686b41f44f,28f40919fc72,39,1685206680621,38699,161869341,460,1879701,86679605
f8686b41f44f,28f40919fc72,39,1685206683687,38699,116456676,460,1879701,86679605
f8686b41f44f,28f40919fc72,20,1685206693630,38699,116456676,460,1879701,86679605
f8686b41f44f,28f40919fc72,36,1685206696559,38699,161481504,460,1879701,86679605
f8686b41f44f,28f40919fc72,39,1685206696601,38699,161481504,460,1879701,86679605
f8686b41f44f,28f40919fc72,2,1685206711626,38699,161869341,460,1879701,86679605
f8686b41f44f,28f40919fc72,18,1685206711629,38699,161869341,460,1879701,86679605
f8686b41f44f,28f40919fc72,39,1685206714069,38699,116456676,460,1879701,86679605
f8686b41f44f,28f40919fc72,18,1685206922942,38699,116456676,460,1879701,86679605
f8686b41f44f,28f40919fc72,39,1685206922988,38699,116456676,460,1879701,86679605
f8686b41f44f,28f40919fc72,20,1685206948927,38699,116456676,460,1879701,86679605
f8686b41f44f,28f40919fc72,4,1685206949515,38699,116456676,460,1879701,86679605
f8686b41f44f,28f40919fc72,2,1685206950647,38699,116456676,460,1879701,86679605
f8686b41f44f,28f40919fc72,18,1685206950650,38699,116456676,460,1879701,86679605
f8686b41f44f,28f40919fc72,36,1685206950674,38699,116456676,460,1879701,86679605
f8686b41f44f,28f40919fc72,4,1685206963347,38699,161869341,460,1879701,86679605
f8686b41f44f,28f40919fc72,2,1685206965991,38699,161869341,460,1879701,86679605
f8686b41f44f,28f40919fc72,18,1685206965994,38699,161869341,460,1879701,86679605
f8686b41f44f,28f40919fc72,36,1685206966041,38699,161869341,460,1879701,86679605
f8686b41f44f,28f40919fc72,39,1685206966071,38699,161869341,460,1879701,86679605
f8686b41f44f,28f40919fc72,39,1685206968547,38699,116456666,460,1879701,86679605
f8686b41f44f,28f40919fc72,20,1685206978442,38699,116456666,460,1879701,86679605
f8686b41f44f,28f40919fc72,2,1685207035681,38699,161869341,460,1879701,86679605
f8686b41f44f,28f40919fc72,36,1685207035726,38699,161869341,460,1879701,86679605
f8686b41f44f,28f40919fc72,39,1685207035751,38699,161869341,460,1879701,86679605
f8686b41f44f,28f40919fc72,14,1685207038226,38699,116456666,460,1879701,86679605
f8686b41f44f,28f40919fc72,39,1685207038240,38699,116456666,460,1879701,86679605
f8686b41f44f,28f40919fc72,2,1685207208121,38699,161869341,460,1879701,86679605
f8686b41f44f,28f40919fc72,18,1685207208123,38699,161869341,460,1879701,86679605
f8686b41f44f,28f40919fc72,36,1685207208166,38699,161869341,460,1879701,86679605
f8686b41f44f,28f40919fc72,39,1685207208191,38699,161869341,460,1879701,86679605
f8686b41f44f,28f40919fc72,20,1685207219257,38699,161481504,460,1879701,86679605
f8686b41f44f,28f40919fc72,18,1685207223488,38699,161869341,460,1879701,86679605
f8686b41f44f,28f40919fc72,39,1685207223566,38699,161869341,460,1879701,86679605
f8686b41f44f,28f40919fc72,20,1685207245711,38699,116456666,460,1879701,86679605
f8686b41f44f,28f40919fc72,2,1685207248901,38699,116456666,460,1879701,86679605
f8686b41f44f,28f40919fc72,18,1685207248905,38699,116456666,460,1879701,86679605
f8686b41f44f,28f40919fc72,20,1685207258812,38699,116456666,460,1879701,86679605
f8686b41f44f,28f40919fc72,4,1685207283611,38699,161869341,460,1879701,86679605
f8686b41f44f,28f40919fc72,2,1685207286021,38699,161869341,460,1879701,86679605
f8686b41f44f,28f40919fc72,18,1685207286024,38699,161869341,460,1879701,86679605
f8686b41f44f,28f40919fc72,36,1685207286061,38699,161869341,460,1879701,86679605
f8686b41f44f,28f40919fc72,39,1685207286091,38699,161869341,460,1879701,86679605
f8686b41f44f,28f40919fc72,39,1685207288377,38699,116456666,460,1879701,86679605
f8686b41f44f,28f40919fc72,20,1685207307316,38699,116456666,460,1879701,86679605
f8686b41f44f,28f40919fc72,18,1685207427089,38699,161869341,460,1879701,86679605
f8686b41f44f,28f40919fc72,36,1685207427131,38699,161869341,460,1879701,86679605
f8686b41f44f,28f40919fc72,39,1685207427156,38699,161869341,460,1879701,86679605
f8686b41f44f,28f40919fc72,39,1685207429090,38699,116456676,460,1879701,86679605
f8686b41f44f,28f40919fc72,20,1685207439033,38699,116456676,460,1879701,86679605
f8686b41f44f,28f40919fc72,4,1685207487692,38699,161869341,460,1879701,86679605
f8686b41f44f,28f40919fc72,2,1685207490831,38699,161869341,460,1879701,86679605
f8686b41f44f,28f40919fc72,18,1685207490836,38699,161869341,460,1879701,86679605
f8686b41f44f,28f40919fc72,39,1685207490901,38699,161869341,460,1879701,86679605
f8686b41f44f,28f40919fc72,36,1685207508771,38699,161869341,460,1879701,86679605
f8686b41f44f,28f40919fc72,39,1685207508796,38699,161869341,460,1879701,86679605
f8686b41f44f,28f40919fc72,39,1685207511100,38699,116456676,460,1879701,86679605
f8686b41f44f,28f40919fc72,20,1685207521044,38699,116456676,460,1879701,86679605
f8686b41f44f,28f40919fc72,4,1685207522595,38699,116456676,460,1879701,86679605
f8686b41f44f,28f40919fc72,18,1685207522809,38699,116456676,460,1879701,86679605
f8686b41f44f,28f40919fc72,36,1685207522833,38699,116456676,460,1879701,86679605
f8686b41f44f,28f40919fc72,39,1685207522858,38699,116456676,460,1879701,86679605
f8686b41f44f,28f40919fc72,2,1685207615796,38699,161869341,460,1879701,86679605
f8686b41f44f,28f40919fc72,18,1685207615800,38699,161869341,460,1879701,86679605
f8686b41f44f,28f40919fc72,39,1685207615866,38699,161869341,460,1879701,86679605
f8686b41f44f,28f40919fc72,14,1685207618819,38699,116456666,460,1879701,86679605
f8686b41f44f,28f40919fc72,18,1685207641845,38699,161869341,460,1879701,86679605
f8686b41f44f,28f40919fc72,39,1685207641931,38699,161869341,460,1879701,86679605
f8686b41f44f,28f40919fc72,18,1685207655734,38699,116456666,460,1879701,86679605
f8686b41f44f,28f40919fc72,36,1685207655762,38699,116456666,460,1879701,86679605
f8686b41f44f,28f40919fc72,2,1685207727816,38699,161869341,460,1879701,86679605
f8686b41f44f,28f40919fc72,18,1685207727819,38699,161869341,460,1879701,86679605
f8686b41f44f,28f40919fc72,39,1685207727886,38699,161869341,460,1879701,86679605
f8686b41f44f,28f40919fc72,14,1685207729524,38699,116456676,460,1879701,86679605
f8686b41f44f,28f40919fc72,39,1685207729535,38699,116456676,460,1879701,86679605
f8686b41f44f,28f40919fc72,20,1685207739473,38699,116456676,460,1879701,86679605
f8686b41f44f,28f40919fc72,2,1685207740150,38699,116456676,460,1879701,86679605
f8686b41f44f,28f40919fc72,18,1685207740154,38699,116456676,460,1879701,86679605
f8686b41f44f,28f40919fc72,36,1685207740178,38699,116456676,460,1879701,86679605
f8686b41f44f,28f40919fc72,39,1685207740208,38699,116456676,460,1879701,86679605
f8686b41f44f,28f40919fc72,20,1685207750137,38699,116456676,460,1879701,86679605
f8686b41f44f,28f40919fc72,18,1685207778324,38699,161869341,460,1879701,86679605
f8686b41f44f,28f40919fc72,36,1685207778366,38699,161869341,460,1879701,86679605
f8686b41f44f,28f40919fc72,39,1685207778391,38699,161869341,460,1879701,86679605
f8686b41f44f,28f40919fc72,14,1685207780206,38699,161481504,460,1879701,86679605
f8686b41f44f,28f40919fc72,39,1685207780218,38699,161481504,460,1879701,86679605
f8686b41f44f,28f40919fc72,20,1685207804125,38699,161481504,460,1879701,86679605
f8686b41f44f,28f40919fc72,2,1685207805696,38699,161481504,460,1879701,86679605
f8686b41f44f,28f40919fc72,20,1685207829614,38699,161481504,460,1879701,86679605
f8686b41f44f,28f40919fc72,4,1685207839583,38699,161869341,460,1879701,86679605
f8686b41f44f,28f40919fc72,2,1685207842806,38699,161869341,460,1879701,86679605
f8686b41f44f,28f40919fc72,18,1685207842809,38699,161869341,460,1879701,86679605
f8686b41f44f,28f40919fc72,36,1685207842851,38699,161869341,460,1879701,86679605
f8686b41f44f,28f40919fc72,39,1685207842876,38699,161869341,460,1879701,86679605
f8686b41f44f,28f40919fc72,39,1685207845137,38699,116456666,460,1879701,86679605
f8686b41f44f,28f40919fc72,20,1685207857044,38699,116456666,460,1879701,86679605
f8686b41f44f,28f40919fc72,18,1685207865875,38699,161869341,460,1879701,86679605
f8686b41f44f,28f40919fc72,36,1685207865921,38699,161869341,460,1879701,86679605
f8686b41f44f,28f40919fc72,14,1685207867755,38699,116456676,460,1879701,86679605
f8686b41f44f,28f40919fc72,20,1685207877708,38699,116456676,460,1879701,86679605
f8686b41f44f,28f40919fc72,4,1685207887790,38699,161869341,460,1879701,86679605
f8686b41f44f,28f40919fc72,2,1685207890181,38699,161869341,460,1879701,86679605
f8686b41f44f,28f40919fc72,18,1685207890183,38699,161869341,460,1879701,86679605
f8686b41f44f,28f40919fc72,36,1685207890226,38699,161869341,460,1879701,86679605
f8686b41f44f,28f40919fc72,39,1685207890251,38699,161869341,460,1879701,86679605
f8686b41f44f,28f40919fc72,20,1685207902495,38699,116456666,460,1879701,86679605
f8686b41f44f,28f40919fc72,18,1685207913428,38699,161869341,460,1879701,86679605
f8686b41f44f,28f40919fc72,36,1685207913471,38699,161869341,460,1879701,86679605
f8686b41f44f,28f40919fc72,39,1685207913496,38699,161869341,460,1879701,86679605
f8686b41f44f,28f40919fc72,14,1685207916100,38699,116456676,460,1879701,86679605
f8686b41f44f,28f40919fc72,39,1685207916110,38699,116456676,460,1879701,86679605
f8686b41f44f,28f40919fc72,20,1685207926053,38699,116456676,460,1879701,86679605
f8686b41f44f,28f40919fc72,2,1685208072261,38699,161869341,460,1879701,86679605
f8686b41f44f,28f40919fc72,18,1685208072264,38699,161869341,460,1879701,86679605
f8686b41f44f,28f40919fc72,36,1685208072306,38699,161869341,460,1879701,86679605
f8686b41f44f,28f40919fc72,39,1685208072331,38699,161869341,460,1879701,86679605
f8686b41f44f,28f40919fc72,14,1685208073802,38699,116456666,460,1879701,86679605
f8686b41f44f,28f40919fc72,39,1685208073812,38699,116456666,460,1879701,86679605
f8686b41f44f,28f40919fc72,20,1685208096657,38699,116456666,460,1879701,86679605
f8686b41f44f,28f40919fc72,4,1685208112977,38699,161869341,460,1879701,86679605
f8686b41f44f,28f40919fc72,18,1685208115464,38699,161869341,460,1879701,86679605
f8686b41f44f,28f40919fc72,36,1685208115511,38699,161869341,460,1879701,86679605
f8686b41f44f,28f40919fc72,39,1685208115541,38699,161869341,460,1879701,86679605
f8686b41f44f,28f40919fc72,2,1685208142176,38699,161481504,460,1879701,86679605
f8686b41f44f,28f40919fc72,18,1685208142180,38699,161481504,460,1879701,86679605
f8686b41f44f,28f40919fc72,36,1685208142206,38699,161481504,460,1879701,86679605
f8686b41f44f,28f40919fc72,4,1685208202790,38699,161869341,460,1879701,86679605
f8686b41f44f,28f40919fc72,18,1685208205070,38699,161869341,460,1879701,86679605
f8686b41f44f,28f40919fc72,39,1685208205136,38699,161869341,460,1879701,86679605
f8686b41f44f,28f40919fc72,20,1685208217128,38699,161481504,460,1879701,86679605
f8686b41f44f,28f40919fc72,2,1685208224621,38699,161869341,460,1879701,86679605
f8686b41f44f,28f40919fc72,36,1685208224666,38699,161869341,460,1879701,86679605
f8686b41f44f,28f40919fc72,39,1685208224691,38699,161869341,460,1879701,86679605
f8686b41f44f,28f40919fc72,14,1685208227156,38699,116456666,460,1879701,86679605
f8686b41f44f,28f40919fc72,39,1685208227164,38699,116456666,460,1879701,86679605
f8686b41f44f,28f40919fc72,2,1685208241386,38699,161869341,460,1879701,86679605
f8686b41f44f,28f40919fc72,18,1685208241388,38699,161869341,460,1879701,86679605
f8686b41f44f,28f40919fc72,39,1685208241456,38699,161869341,460,1879701,86679605
f8686b41f44f,28f40919fc72,39,1685208243402,38699,116456676,460,1879701,86679605
f8686b41f44f,28f40919fc72,20,1685208253344,38699,116456676,460,1879701,86679605
f8686b41f44f,28f40919fc72,2,1685208357306,38699,161869341,460,1879701,86679605
f8686b41f44f,28f40919fc72,18,1685208357310,38699,161869341,460,1879701,86679605
f8686b41f44f,28f40919fc72,36,1685208357351,38699,161869341,460,1879701,86679605
f8686b41f44f,28f40919fc72,39,1685208357376,38699,161869341,460,1879701,86679605
f8686b41f44f,28f40919fc72,14,1685208359466,38699,116456666,460,1879701,86679605
f8686b41f44f,28f40919fc72,39,1685208359479,38699,116456666,460,1879701,86679605
f8686b41f44f,28f40919fc72,20,1685208372381,38699,116456666,460,1879701,86679605
f8686b41f44f,28f40919fc72,2,1685208373082,38699,116456666,460,1879701,86679605
f8686b41f44f,28f40919fc72,18,1685208373084,38699,116456666,460,1879701,86679605
f8686b41f44f,28f40919fc72,36,1685208373112,38699,116456666,460,1879701,86679605
f8686b41f44f,28f40919fc72,39,1685208373142,38699,116456666,460,1879701,86679605
f8686b41f44f,28f40919fc72,2,1685208397686,38699,161869341,460,1879701,86679605
f8686b41f44f,28f40919fc72,18,1685208397688,38699,161869341,460,1879701,86679605
f8686b41f44f,28f40919fc72,39,1685208397756,38699,161869341,460,1879701,86679605
f8686b41f44f,28f40919fc72,14,1685208399776,38699,161481504,460,1879701,86679605
f8686b41f44f,28f40919fc72,20,1685208409650,38699,161481504,460,1879701,86679605
f8686b41f44f,28f40919fc72,2,1685208442901,38699,161869341,460,1879701,86679605
f8686b41f44f,28f40919fc72,18,1685208442905,38699,161869341,460,1879701,86679605
f8686b41f44f,28f40919fc72,39,1685208442971,38699,161869341,460,1879701,86679605
f8686b41f44f,28f40919fc72,14,1685208445251,38699,161481504,460,1879701,86679605
f8686b41f44f,28f40919fc72,39,1685208445263,38699,161481504,460,1879701,86679605
f8686b41f44f,28f40919fc72,20,1685208455122,38699,161481504,460,1879701,86679605
f8686b41f44f,28f40919fc72,2,1685208470501,38699,161869341,460,1879701,86679605
f8686b41f44f,28f40919fc72,18,1685208470505,38699,161869341,460,1879701,86679605
f8686b41f44f,28f40919fc72,39,1685208470576,38699,161869341,460,1879701,86679605
f8686b41f44f,28f40919fc72,39,1685208473318,38699,116456666,460,1879701,86679605
f8686b41f44f,28f40919fc72,2,1685208496491,38699,161869341,460,1879701,86679605
f8686b41f44f,28f40919fc72,18,1685208496494,38699,161869341,460,1879701,86679605
f8686b41f44f,28f40919fc72,14,1685208498505,38699,116456676,460,1879701,86679605
f8686b41f44f,28f40919fc72,39,1685208498517,38699,116456676,460,1879701,86679605
f8686b41f44f,28f40919fc72,20,1685208508459,38699,116456676,460,1879701,86679605
f8686b41f44f,28f40919fc72,2,1685208645251,38699,161869341,460,1879701,86679605
f8686b41f44f,28f40919fc72,18,1685208645254,38699,161869341,460,1879701,86679605
f8686b41f44f,28f40919fc72,36,1685208645296,38699,161869341,460,1879701,86679605
f8686b41f44f,28f40919fc72,39,1685208645321,38699,161869341,460,1879701,86679605
f8686b41f44f,28f40919fc72,14,1685208647947,38699,116456666,460,1879701,86679605
f8686b41f44f,28f40919fc72,39,1685208647959,38699,116456666,460,1879701,86679605
f8686b41f44f,28f40919fc72,20,1685208657832,38699,116456666,460,1879701,86679605
f8686b41f44f,28f40919fc72,2,1685208658131,38699,116456666,460,1879701,86679605
f8686b41f44f,28f40919fc72,18,1685208658135,38699,116456666,460,1879701,86679605
f8686b41f44f,28f40919fc72,4,1685208686018,38699,161869341,460,1879701,86679605
f8686b41f44f,28f40919fc72,2,1685208688891,38699,161869341,460,1879701,86679605
f8686b41f44f,28f40919fc72,18,1685208688893,38699,161869341,460,1879701,86679605
f8686b41f44f,28f40919fc72,36,1685208688936,38699,161869341,460,1879701,86679605
f8686b41f44f,28f40919fc72,39,1685208688961,38699,161869341,460,1879701,86679605
f8686b41f44f,28f40919fc72,14,1685208691647,38699,116456666,460,1879701,86679605
f8686b41f44f,28f40919fc72,39,1685208691659,38699,116456666,460,1879701,86679605
f8686b41f44f,28f40919fc72,20,1685208701502,38699,116456666,460,1879701,86679605
f8686b41f44f,28f40919fc72,2,1685208930291,38699,161869338,460,1879701,86679605
f8686b41f44f,28f40919fc72,18,1685208930293,38699,161869338,460,1879701,86679605
f8686b41f44f,28f40919fc72,36,1685208930316,38699,161869338,460,1879701,86679605
f8686b41f44f,28f40919fc72,39,1685208930341,38699,161869338,460,1879701,86679605
f8686b41f44f,28f40919fc72,14,1685208932926,38699,161481504,460,1879701,86679605
f8686b41f44f,28f40919fc72,39,1685208932936,38699,161481504,460,1879701,86679605
f8686b41f44f,28f40919fc72,2,1685208946131,38699,161481504,460,1879701,86679605
f8686b41f44f,28f40919fc72,18,1685208946134,38699,161481504,460,1879701,86679605
f8686b41f44f,28f40919fc72,36,1685208946158,38699,161481504,460,1879701,86679605
f8686b41f44f,28f40919fc72,4,1685208971060,38699,161869341,460,1879701,86679605
f8686b41f44f,28f40919fc72,18,1685208974328,38699,161869341,460,1879701,86679605
f8686b41f44f,28f40919fc72,36,1685208974371,38699,161869341,460,1879701,86679605
f8686b41f44f,28f40919fc72,14,1685208976839,38699,161481504,460,1879701,86679605
f8686b41f44f,28f40919fc72,39,1685208976855,38699,161481504,460,1879701,86679605
f8686b41f44f,28f40919fc72,20,1685208986755,38699,161481504,460,1879701,86679605
f8686b41f44f,28f40919fc72,2,1685209050606,38699,161869341,460,1879701,86679605
f8686b41f44f,28f40919fc72,18,1685209050608,38699,161869341,460,1879701,86679605
f8686b41f44f,28f40919fc72,36,1685209050661,38699,161869341,460,1879701,86679605
f8686b41f44f,28f40919fc72,39,1685209050686,38699,161869341,460,1879701,86679605
f8686b41f44f,28f40919fc72,14,1685209052180,38699,116456676,460,1879701,86679605
f8686b41f44f,28f40919fc72,20,1685209062133,38699,116456676,460,1879701,86679605
f8686b41f44f,28f40919fc72,4,1685209081827,38699,161869341,460,1879701,86679605
f8686b41f44f,28f40919fc72,18,1685209083160,38699,161869341,460,1879701,86679605
f8686b41f44f,28f40919fc72,39,1685209083226,38699,161869341,460,1879701,86679605
f8686b41f44f,28f40919fc72,14,1685209085420,38699,116456676,460,1879701,86679605
f8686b41f44f,28f40919fc72,39,1685209085430,38699,116456676,460,1879701,86679605
f8686b41f44f,28f40919fc72,20,1685209095374,38699,116456676,460,1879701,86679605
f8686b41f44f,28f40919fc72,4,1685209143842,38699,161869338,460,1879701,86679605
f8686b41f44f,28f40919fc72,2,1685209147126,38699,161869338,460,1879701,86679605
f8686b41f44f,28f40919fc72,18,1685209147130,38699,161869338,460,1879701,86679605
f8686b41f44f,28f40919fc72,39,1685209147196,38699,161869338,460,1879701,86679605
f8686b41f44f,28f40919fc72,14,1685209149736,38699,161481504,460,1879701,86679605
f8686b41f44f,28f40919fc72,39,1685209149747,38699,161481504,460,1879701,86679605
f8686b41f44f,28f40919fc72,36,1685209215421,38699,161869341,460,1879701,86679605
f8686b41f44f,28f40919fc72,14,1685209217496,38699,116456676,460,1879701,86679605
f8686b41f44f,28f40919fc72,2,1685209229636,38699,161481504,460,1879701,86679605
f8686b41f44f,28f40919fc72,18,1685209229640,38699,161481504,460,1879701,86679605
f8686b41f44f,28f40919fc72,36,1685209229661,38699,161481504,460,1879701,86679605
f8686b41f44f,28f40919fc72,39,1685209229706,38699,161481504,460,1879701,86679605
f8686b41f44f,28f40919fc72,4,1685209256057,38699,161869341,460,1879701,86679605
f8686b41f44f,28f40919fc72,2,1685209258491,38699,161869341,460,1879701,86679605
f8686b41f44f,28f40919fc72,36,1685209258546,38699,161869341,460,1879701,86679605
f8686b41f44f,28f40919fc72,39,1685209258571,38699,161869341,460,1879701,86679605
f8686b41f44f,28f40919fc72,39,1685209259726,38699,116456676,460,1879701,86679605
f8686b41f44f,28f40919fc72,20,1685209269668,38699,116456676,460,1879701,86679605
f8686b41f44f,28f40919fc72,2,1685209290496,38699,116456671,460,1879701,86679605
f8686b41f44f,28f40919fc72,18,1685209290498,38699,116456671,460,1879701,86679605
f8686b41f44f,28f40919fc72,36,1685209290526,38699,116456671,460,1879701,86679605
f8686b41f44f,28f40919fc72,39,1685209290551,38699,116456671,460,1879701,86679605
f8686b41f44f,28f40919fc72,20,1685209300467,38699,116456671,460,1879701,86679605
f8686b41f44f,28f40919fc72,2,1685209500501,38699,161869341,460,1879701,86679605
f8686b41f44f,28f40919fc72,18,1685209500505,38699,161869341,460,1879701,86679605
f8686b41f44f,28f40919fc72,36,1685209500546,38699,161869341,460,1879701,86679605
f8686b41f44f,28f40919fc72,39,1685209500572,38699,161869341,460,1879701,86679605
f8686b41f44f,28f40919fc72,14,1685209503355,38699,116456676,460,1879701,86679605
f8686b41f44f,28f40919fc72,39,1685209503366,38699,116456676,460,1879701,86679605
f8686b41f44f,28f40919fc72,20,1685209513309,38699,116456676,460,1879701,86679605
f8686b41f44f,28f40919fc72,2,1685209516146,38699,161481504,460,1879701,86679605
f8686b41f44f,28f40919fc72,18,1685209516149,38699,161481504,460,1879701,86679605
f8686b41f44f,28f40919fc72,36,1685209516176,38699,161481504,460,1879701,86679605
f8686b41f44f,28f40919fc72,2,1685209530276,38699,161869341,460,1879701,86679605
f8686b41f44f,28f40919fc72,18,1685209530279,38699,161869341,460,1879701,86679605
f8686b41f44f,28f40919fc72,14,1685209532076,38699,161481504,460,1879701,86679605
f8686b41f44f,28f40919fc72,39,1685209532086,38699,161481504,460,1879701,86679605
f8686b41f44f,28f40919fc72,20,1685209551975,38699,161481504,460,1879701,86679605
f8686b41f44f,28f40919fc72,18,1685209556044,38699,161869341,460,1879701,86679605
f8686b41f44f,28f40919fc72,20,1685209567449,38699,116456676,460,1879701,86679605
f8686b41f44f,28f40919fc72,2,1685209630761,38699,161869341,460,1879701,86679605
f8686b41f44f,28f40919fc72,36,1685209630806,38699,161869341,460,1879701,86679605
f8686b41f44f,28f40919fc72,39,1685209630831,38699,161869341,460,1879701,86679605
f8686b41f44f,28f40919fc72,14,1685209633397,38699,116456666,460,1879701,86679605
f8686b41f44f,28f40919fc72,39,1685209633407,38699,116456666,460,1879701,86679605
f8686b41f44f,28f40919fc72,18,1685209785640,38699,161869341,460,1879701,86679605
f8686b41f44f,28f40919fc72,36,1685209785686,38699,161869341,460,1879701,86679605
f8686b41f44f,28f40919fc72,39,1685209785711,38699,161869341,460,1879701,86679605
f8686b41f44f,28f40919fc72,14,1685209787157,38699,116456666,460,1879701,86679605
f8686b41f44f,28f40919fc72,39,1685209787168,38699,116456666,460,1879701,86679605
f8686b41f44f,28f40919fc72,20,1685209797084,38699,116456666,460,1879701,86679605
f8686b41f44f,28f40919fc72,2,1685209801241,38699,161869341,460,1879701,86679605
f8686b41f44f,28f40919fc72,18,1685209801244,38699,161869341,460,1879701,86679605
f8686b41f44f,28f40919fc72,36,1685209801286,38699,161869341,460,1879701,86679605
f8686b41f44f,28f40919fc72,39,1685209801311,38699,161869341,460,1879701,86679605
f8686b41f44f,28f40919fc72,14,1685209802646,38699,161481504,460,1879701,86679605
f8686b41f44f,28f40919fc72,39,1685209802654,38699,161481504,460,1879701,86679605
f8686b41f44f,28f40919fc72,20,1685209812534,38699,161481504,460,1879701,86679605
f8686b41f44f,28f40919fc72,4,1685209826419,38699,161869341,460,1879701,86679605
f8686b41f44f,28f40919fc72,2,1685209829356,38699,161869341,460,1879701,86679605
f8686b41f44f,28f40919fc72,36,1685209829411,38699,161869341,460,1879701,86679605
f8686b41f44f,28f40919fc72,39,1685209829436,38699,161869341,460,1879701,86679605
f8686b41f44f,28f40919fc72,14,1685209830577,38699,161481504,460,1879701,86679605
f8686b41f44f,28f40919fc72,20,1685209840523,38699,161481504,460,1879701,86679605
f8686b41f44f,28f40919fc72,2,1685209845196,38699,161869341,460,1879701,86679605
f8686b41f44f,28f40919fc72,18,1685209845200,38699,161869341,460,1879701,86679605
f8686b41f44f,28f40919fc72,36,1685209845241,38699,161869341,460,1879701,86679605
f8686b41f44f,28f40919fc72,14,1685209847656,38699,116456671,460,1879701,86679605
f8686b41f44f,28f40919fc72,39,1685209847667,38699,116456671,460,1879701,86679605
f8686b41f44f,28f40919fc72,39,1685209848071,38699,161481504,460,1879701,86679605
f8686b41f44f,28f40919fc72,20,1685209857951,38699,161481504,460,1879701,86679605
f8686b41f44f,28f40919fc72,18,1685209878669,38699,161869341,460,1879701,86679605
f8686b41f44f,28f40919fc72,39,1685209878736,38699,161869341,460,1879701,86679605
f8686b41f44f,28f40919fc72,14,1685209880217,38699,116456666,460,1879701,86679605
f8686b41f44f,28f40919fc72,39,1685209880227,38699,116456666,460,1879701,86679605
f8686b41f44f,28f40919fc72,18,1685210070645,38699,161869341,460,1879701,86679605
f8686b41f44f,28f40919fc72,36,1685210070696,38699,161869341,460,1879701,86679605
f8686b41f44f,28f40919fc72,39,1685210070721,38699,161869341,460,1879701,86679605
f8686b41f44f,28f40919fc72,14,1685210072477,38699,116456666,460,1879701,86679605
f8686b41f44f,28f40919fc72,39,1685210072490,38699,116456666,460,1879701,86679605
f8686b41f44f,28f40919fc72,20,1685210082364,38699,116456666,460,1879701,86679605
f8686b41f44f,28f40919fc72,18,1685210086524,38699,161869341,460,1879701,86679605
f8686b41f44f,28f40919fc72,36,1685210086566,38699,161869341,460,1879701,86679605
f8686b41f44f,28f40919fc72,39,1685210086591,38699,161869341,460,1879701,86679605
f8686b41f44f,28f40919fc72,14,1685210089226,38699,116456671,460,1879701,86679605
f8686b41f44f,28f40919fc72,39,1685210089237,38699,116456671,460,1879701,86679605
f8686b41f44f,28f40919fc72,20,1685210099106,38699,116456671,460,1879701,86679605
f8686b41f44f,28f40919fc72,4,1685210111436,38699,116456671,460,1879701,86679605
f8686b41f44f,28f40919fc72,18,1685210112241,38699,116456671,460,1879701,86679605
f8686b41f44f,28f40919fc72,36,1685210112266,38699,116456671,460,1879701,86679605
f8686b41f44f,28f40919fc72,39,1685210112291,38699,116456671,460,1879701,86679605
f8686b41f44f,28f40919fc72,20,1685210122157,38699,116456671,460,1879701,86679605
f8686b41f44f,28f40919fc72,2,1685210145171,38699,116456671,460,1879701,86679605
f8686b41f44f,28f40919fc72,36,1685210145201,38699,116456671,460,1879701,86679605
f8686b41f44f,28f40919fc72,39,1685210145231,38699,116456671,460,1879701,86679605
f8686b41f44f,28f40919fc72,18,1685210210820,38699,116456671,460,1879701,86679605
f8686b41f44f,28f40919fc72,36,1685210210846,38699,116456671,460,1879701,86679605
f8686b41f44f,28f40919fc72,39,1685210210876,38699,116456671,460,1879701,86679605
f8686b41f44f,28f40919fc72,20,1685210220728,38699,116456671,460,1879701,86679605
f8686b41f44f,28f40919fc72,2,1685210355716,38699,116456671,460,1879701,86679605
f8686b41f44f,28f40919fc72,18,1685210355720,38699,116456671,460,1879701,86679605
f8686b41f44f,28f40919fc72,36,1685210355746,38699,116456671,460,1879701,86679605
f8686b41f44f,28f40919fc72,39,1685210355771,38699,116456671,460,1879701,86679605
f8686b41f44f,28f40919fc72,20,1685210365625,38699,116456671,460,1879701,86679605
f8686b41f44f,28f40919fc72,2,1685210371536,38699,116456671,460,1879701,86679605
f8686b41f44f,28f40919fc72,4,1685210396235,38699,116456671,460,1879701,86679605
f8686b41f44f,28f40919fc72,18,1685210396414,38699,116456671,460,1879701,86679605
f8686b41f44f,28f40919fc72,39,1685210396476,38699,116456671,460,1879701,86679605
f8686b41f44f,28f40919fc72,20,1685210406358,38699,116456671,460,1879701,86679605
f8686b41f44f,28f40919fc72,4,1685210506004,38699,116456671,460,1879701,86679605
f8686b41f44f,28f40919fc72,2,1685210506476,38699,116456671,460,1879701,86679605
f8686b41f44f,28f40919fc72,36,1685210506506,38699,116456671,460,1879701,86679605
f8686b41f44f,28f40919fc72,39,1685210506532,38699,116456671,460,1879701,86679605
f8686b41f44f,28f40919fc72,36,1685210523296,38699,116456671,460,1879701,86679605
f8686b41f44f,28f40919fc72,39,1685210523321,38699,116456671,460,1879701,86679605
f8686b41f44f,28f40919fc72,20,1685210541223,38699,116456671,460,1879701,86679605
f8686b41f44f,28f40919fc72,18,1685210640779,38699,116456671,460,1879701,86679605
f8686b41f44f,28f40919fc72,36,1685210640806,38699,116456671,460,1879701,86679605
f8686b41f44f,28f40919fc72,39,1685210640836,38699,116456671,460,1879701,86679605
f8686b41f44f,28f40919fc72,4,1685210681222,38699,116456671,460,1879701,86679605
f8686b41f44f,28f40919fc72,2,1685210681836,38699,116456671,460,1879701,86679605
f8686b41f44f,28f40919fc72,18,1685210681839,38699,116456671,460,1879701,86679605
f8686b41f44f,28f40919fc72,36,1685210681866,38699,116456671,460,1879701,86679605
f8686b41f44f,28f40919fc72,39,1685210681891,38699,116456671,460,1879701,86679605
f8686b41f44f,28f40919fc72,20,1685210691777,38699,116456671,460,1879701,86679605
f8686b41f44f,28f40919fc72,2,1685210791016,38699,116456671,460,1879701,86679605
f8686b41f44f,28f40919fc72,18,1685210791018,38699,116456671,460,1879701,86679605
f8686b41f44f,28f40919fc72,39,1685210791076,38699,116456671,460,1879701,86679605
f8686b41f44f,28f40919fc72,20,1685210800989,38699,116456671,460,1879701,86679605
f8686b41f44f,28f40919fc72,18,1685210816539,38699,116456671,460,1879701,86679605
f8686b41f44f,28f40919fc72,36,1685210816566,38699,116456671,460,1879701,86679605
f8686b41f44f,28f40919fc72,4,1685210897065,38699,116456671,460,1879701,86679605
f8686b41f44f,28f40919fc72,2,1685210898156,38699,116456671,460,1879701,86679605
f8686b41f44f,28f40919fc72,18,1685210898159,38699,116456671,460,1879701,86679605
f8686b41f44f,28f40919fc72,39,1685210898217,38699,116456671,460,1879701,86679605
f8686b41f44f,28f40919fc72,20,1685210908107,38699,116456671,460,1879701,86679605
f8686b41f44f,28f40919fc72,2,1685210925876,38699,161869338,460,1879701,86679605
f8686b41f44f,28f40919fc72,18,1685210925880,38699,161869338,460,1879701,86679605
f8686b41f44f,28f40919fc72,36,1685210925906,38699,161869338,460,1879701,86679605
f8686b41f44f,28f40919fc72,39,1685210925931,38699,161869338,460,1879701,86679605
f8686b41f44f,28f40919fc72,20,1685210935811,38699,161869338,460,1879701,86679605
f8686b41f44f,28f40919fc72,36,1685210941351,38699,161869338,460,1879701,86679605
f8686b41f44f,28f40919fc72,39,1685210941381,38699,161869338,460,1879701,86679605
f8686b41f44f,28f40919fc72,14,1685210944506,38699,161481504,460,1879701,86679605
f8686b41f44f,28f40919fc72,39,1685210944516,38699,161481504,460,1879701,86679605
f8686b41f44f,28f40919fc72,4,1685210966566,38699,161869338,460,1879701,86679605
f8686b41f44f,28f40919fc72,2,1685210969821,38699,161869338,460,1879701,86679605
f8686b41f44f,28f40919fc72,18,1685210969823,38699,161869338,460,1879701,86679605
f8686b41f44f,28f40919fc72,14,1685210972056,38699,161481504,460,1879701,86679605
f8686b41f44f,28f40919fc72,20,1685210981933,38699,161481504,460,1879701,86679605
f8686b41f44f,28f40919fc72,4,1685211186181,38699,161869341,460,1879701,86679605
f8686b41f44f,28f40919fc72,2,1685211188716,38699,161869341,460,1879701,86679605
f8686b41f44f,28f40919fc72,18,1685211188721,38699,161869341,460,1879701,86679605
f8686b41f44f,28f40919fc72,39,1685211191586,38699,161481504,460,1879701,86679605
f8686b41f44f,28f40919fc72,20,1685211201514,38699,161481504,460,1879701,86679605
f8686b41f44f,28f40919fc72,2,1685211210991,38699,161869341,460,1879701,86679605
f8686b41f44f,28f40919fc72,18,1685211210995,38699,161869341,460,1879701,86679605
f8686b41f44f,28f40919fc72,36,1685211211036,38699,161869341,460,1879701,86679605
f8686b41f44f,28f40919fc72,39,1685211211061,38699,161869341,460,1879701,86679605
f8686b41f44f,28f40919fc72,14,1685211213375,38699,116456676,460,1879701,86679605
f8686b41f44f,28f40919fc72,39,1685211213389,38699,116456676,460,1879701,86679605
f8686b41f44f,28f40919fc72,20,1685211223329,38699,116456676,460,1879701,86679605
f8686b41f44f,28f40919fc72,2,1685211226666,38699,161481504,460,1879701,86679605
f8686b41f44f,28f40919fc72,18,1685211226669,38699,161481504,460,1879701,86679605
f8686b41f44f,28f40919fc72,36,1685211226696,38699,161481504,460,1879701,86679605
f8686b41f44f,28f40919fc72,4,1685211251715,38699,161869341,460,1879701,86679605
f8686b41f44f,28f40919fc72,2,1685211254036,38699,161869341,460,1879701,86679605
f8686b41f44f,28f40919fc72,18,1685211254040,38699,161869341,460,1879701,86679605
f8686b41f44f,28f40919fc72,36,1685211254101,38699,161869341,460,1879701,86679605
f8686b41f44f,28f40919fc72,39,1685211254136,38699,161869341,460,1879701,86679605
f8686b41f44f,28f40919fc72,14,1685211255616,38699,161481504,460,1879701,86679605
f8686b41f44f,28f40919fc72,39,1685211255627,38699,161481504,460,1879701,86679605
f8686b41f44f,28f40919fc72,20,1685211265550,38699,161481504,460,1879701,86679605
f8686b41f44f,28f40919fc72,2,1685211419186,38699,161869341,460,1879701,86679605
f8686b41f44f,28f40919fc72,18,1685211419188,38699,161869341,460,1879701,86679605
f8686b41f44f,28f40919fc72,36,1685211419226,38699,161869341,460,1879701,86679605
f8686b41f44f,28f40919fc72,39,1685211419256,38699,161869341,460,1879701,86679605
f8686b41f44f,28f40919fc72,14,1685211421977,38699,116456666,460,1879701,86679605
f8686b41f44f,28f40919fc72,20,1685211431859,38699,116456666,460,1879701,86679605
f8686b41f44f,28f40919fc72,18,1685211481095,38699,161869341,460,1879701,86679605
f8686b41f44f,28f40919fc72,39,1685211481171,38699,161869341,460,1879701,86679605
f8686b41f44f,28f40919fc72,14,1685211483666,38699,161481504,460,1879701,86679605
f8686b41f44f,28f40919fc72,39,1685211483676,38699,161481504,460,1879701,86679605
f8686b41f44f,28f40919fc72,18,1685211496019,38699,161481504,460,1879701,86679605
f8686b41f44f,28f40919fc72,39,1685211496087,38699,161481504,460,1879701,86679605
f8686b41f44f,28f40919fc72,36,1685211511896,38699,161869341,460,1879701,86679605
f8686b41f44f,28f40919fc72,39,1685211511921,38699,161869341,460,1879701,86679605
f8686b41f44f,28f40919fc72,14,1685211514087,38699,116456666,460,1879701,86679605
f8686b41f44f,28f40919fc72,39,1685211514099,38699,116456666,460,1879701,86679605
f8686b41f44f,28f40919fc72,20,1685211541945,38699,116456666,460,1879701,86679605
f8686b41f44f,28f40919fc72,4,1685211776315,38699,161869341,460,1879701,86679605
f8686b41f44f,28f40919fc72,2,1685211778811,38699,161869341,460,1879701,86679605
f8686b41f44f,28f40919fc72,18,1685211778814,38699,161869341,460,1879701,86679605
f8686b41f44f,28f40919fc72,36,1685211778861,38699,161869341,460,1879701,86679605
f8686b41f44f,28f40919fc72,39,1685211778891,38699,161869341,460,1879701,86679605
f8686b41f44f,28f40919fc72,14,1685211780215,38699,116456676,460,1879701,86679605
f8686b41f44f,28f40919fc72,39,1685211780227,38699,116456676,460,1879701,86679605
f8686b41f44f,28f40919fc72,20,1685211809169,38699,116456676,460,1879701,86679605
f8686b41f44f,28f40919fc72,4,1685211821458,38699,161869341,460,1879701,86679605
f8686b41f44f,28f40919fc72,2,1685211823636,38699,161869341,460,1879701,86679605
f8686b41f44f,28f40919fc72,18,1685211823640,38699,161869341,460,1879701,86679605
f8686b41f44f,28f40919fc72,36,1685211823686,38699,161869341,460,1879701,86679605
f8686b41f44f,28f40919fc72,39,1685211823716,38699,161869341,460,1879701,86679605
f8686b41f44f,28f40919fc72,2,1685212066191,38699,161869341,460,1879701,86679605
f8686b41f44f,28f40919fc72,18,1685212066194,38699,161869341,460,1879701,86679605
f8686b41f44f,28f40919fc72,36,1685212066237,38699,161869341,460,1879701,86679605
f8686b41f44f,28f40919fc72,14,1685212067727,38699,116456666,460,1879701,86679605
f8686b41f44f,28f40919fc72,20,1685212077638,38699,116456666,460,1879701,86679605
f8686b41f44f,28f40919fc72,18,1685212081579,38699,161869341,460,1879701,86679605
f8686b41f44f,28f40919fc72,36,1685212081621,38699,161869341,460,1879701,86679605
f8686b41f44f,28f40919fc72,39,1685212081646,38699,161869341,460,1879701,86679605
f8686b41f44f,28f40919fc72,39,1685212084207,38699,116456666,460,1879701,86679605
f8686b41f44f,28f40919fc72,20,1685212094083,38699,116456666,460,1879701,86679605
f8686b41f44f,28f40919fc72,2,1685212104866,38699,161869341,460,1879701,86679605
f8686b41f44f,28f40919fc72,18,1685212104869,38699,161869341,460,1879701,86679605
f8686b41f44f,28f40919fc72,36,1685212104921,38699,161869341,460,1879701,86679605
f8686b41f44f,28f40919fc72,39,1685212104946,38699,161869341,460,1879701,86679605
f8686b41f44f,28f40919fc72,14,1685212106406,38699,116456666,460,1879701,86679605
f8686b41f44f,28f40919fc72,39,1685212106416,38699,116456666,460,1879701,86679605
f8686b41f44f,28f40919fc72,20,1685212121268,38699,116456666,460,1879701,86679605
f8686b41f44f,28f40919fc72,2,1685212351311,38699,161869341,460,1879701,86679605
f8686b41f44f,28f40919fc72,18,1685212351314,38699,161869341,460,1879701,86679605
f8686b41f44f,28f40919fc72,39,1685212351381,38699,161869341,460,1879701,86679605
f8686b41f44f,28f40919fc72,14,1685212354286,38699,161481504,460,1879701,86679605
f8686b41f44f,28f40919fc72,39,1685212354298,38699,161481504,460,1879701,86679605
f8686b41f44f,28f40919fc72,18,1685212366799,38699,161481504,460,1879701,86679605
f8686b41f44f,28f40919fc72,36,1685212366827,38699,161481504,460,1879701,86679605
f8686b41f44f,28f40919fc72,39,1685212366871,38699,161481504,460,1879701,86679605
f8686b41f44f,28f40919fc72,20,1685212376686,38699,161481504,460,1879701,86679605
f8686b41f44f,28f40919fc72,18,1685212394505,38699,161869341,460,1879701,86679605
f8686b41f44f,28f40919fc72,36,1685212394546,38699,161869341,460,1879701,86679605
f8686b41f44f,28f40919fc72,14,1685212396076,38699,116456666,460,1879701,86679605
f8686b41f44f,28f40919fc72,39,1685212396088,38699,116456666,460,1879701,86679605
f8686b41f44f,28f40919fc72,4,1685212426915,38699,161869341,460,1879701,86679605
f8686b41f44f,28f40919fc72,18,1685212429049,38699,161869341,460,1879701,86679605
f8686b41f44f,28f40919fc72,36,1685212429091,38699,161869341,460,1879701,86679605
f8686b41f44f,28f40919fc72,39,1685212429116,38699,161869341,460,1879701,86679605
f8686b41f44f,28f40919fc72,39,1685212431337,38699,116456666,460,1879701,86679605
f8686b41f44f,28f40919fc72,20,1685212449203,38699,116456666,460,1879701,86679605
f8686b41f44f,28f40919fc72,20,1685212649123,38699,116456676,460,1879701,86679605
f8686b41f44f,28f40919fc72,39,1685212652096,38699,161481504,460,1879701,86679605
f8686b41f44f,28f40919fc72,20,1685212661944,38699,161481504,460,1879701,86679605
f8686b41f44f,28f40919fc72,2,1685212666166,38699,161869341,460,1879701,86679605
f8686b41f44f,28f40919fc72,18,1685212666169,38699,161869341,460,1879701,86679605
f8686b41f44f,28f40919fc72,36,1685212666221,38699,161869341,460,1879701,86679605
f8686b41f44f,28f40919fc72,39,1685212666246,38699,161869341,460,1879701,86679605
f8686b41f44f,28f40919fc72,39,1685212668797,38699,116456666,460,1879701,86679605
f8686b41f44f,28f40919fc72,20,1685212687641,38699,116456666,460,1879701,86679605
f8686b41f44f,28f40919fc72,2,1685212691261,38699,116456666,460,1879701,86679605
f8686b41f44f,28f40919fc72,36,1685212691291,38699,116456666,460,1879701,86679605
f8686b41f44f,28f40919fc72,39,1685212691322,38699,116456666,460,1879701,86679605
f8686b41f44f,28f40919fc72,20,1685212711177,38699,116456666,460,1879701,86679605
f8686b41f44f,28f40919fc72,2,1685212730601,38699,161869341,460,1879701,86679605
f8686b41f44f,28f40919fc72,18,1685212730604,38699,161869341,460,1879701,86679605
f8686b41f44f,28f40919fc72,36,1685212730646,38699,161869341,460,1879701,86679605
f8686b41f44f,28f40919fc72,39,1685212730671,38699,161869341,460,1879701,86679605
f8686b41f44f,28f40919fc72,14,1685212732116,38699,116456666,460,1879701,86679605
f8686b41f44f,28f40919fc72,39,1685212732127,38699,116456666,460,1879701,86679605
f8686b41f44f,28f40919fc72,2,1685212782795,38699,161869341,460,1879701,86679605
f8686b41f44f,28f40919fc72,36,1685212782841,38699,161869341,460,1879701,86679605
f8686b41f44f,28f40919fc72,20,1685212794547,38699,161481504,460,1879701,86679605
f8686b41f44f,28f40919fc72,4,1685212806526,38699,161869341,460,1879701,86679605
f8686b41f44f,28f40919fc72,2,1685212809205,38699,161869341,460,1879701,86679605
f8686b41f44f,28f40919fc72,39,1685212809276,38699,161869341,460,1879701,86679605
f8686b41f44f,28f40919fc72,14,1685212811666,38699,116456666,460,1879701,86679605
f8686b41f44f,28f40919fc72,39,1685212811680,38699,116456666,460,1879701,86679605
f8686b41f44f,28f40919fc72,20,1685212827542,38699,116456666,460,1879701,86679605
f8686b41f44f,28f40919fc72,2,1685212846471,38699,161869341,460,1879701,86679605
f8686b41f44f,28f40919fc72,18,1685212846474,38699,161869341,460,1879701,86679605
f8686b41f44f,28f40919fc72,39,1685212846551,38699,161869341,460,1879701,86679605
f8686b41f44f,28f40919fc72,14,1685212848621,38699,161481504,460,1879701,86679605
f8686b41f44f,28f40919fc72,39,1685212848630,38699,161481504,460,1879701,86679605
f8686b41f44f,28f40919fc72,20,1685212858553,38699,161481504,460,1879701,86679605
f8686b41f44f,28f40919fc72,4,1685212890753,38699,161869341,460,1879701,86679605
f8686b41f44f,28f40919fc72,2,1685212893696,38699,161869341,460,1879701,86679605
f8686b41f44f,28f40919fc72,14,1685212896667,38699,116456666,460,1879701,86679605
f8686b41f44f,28f40919fc72,39,1685212896678,38699,116456666,460,1879701,86679605
f8686b41f44f,28f40919fc72,20,1685212906598,38699,116456666,460,1879701,86679605
f8686b41f44f,28f40919fc72,36,1685212921627,38699,161869341,460,1879701,86679605
f8686b41f44f,28f40919fc72,14,1685212922786,38699,116456671,460,1879701,86679605
f8686b41f44f,28f40919fc72,14,1685212923206,38699,161481504,460,1879701,86679605
f8686b41f44f,28f40919fc72,39,1685212923217,38699,161481504,460,1879701,86679605
f8686b41f44f,28f40919fc72,20,1685212935066,38699,161481504,460,1879701,86679605
f8686b41f44f,28f40919fc72,2,1685212937226,38699,161481504,460,1879701,86679605
f8686b41f44f,28f40919fc72,18,1685212937229,38699,161481504,460,1879701,86679605
f8686b41f44f,28f40919fc72,36,1685212937256,38699,161481504,460,1879701,86679605
f8686b41f44f,28f40919fc72,39,1685212937296,38699,161481504,460,1879701,86679605
f8686b41f44f,28f40919fc72,20,1685212947134,38699,161481504,460,1879701,86679605
f8686b41f44f,28f40919fc72,18,1685212951624,38699,161869341,460,1879701,86679605
f8686b41f44f,28f40919fc72,36,1685212951666,38699,161869341,460,1879701,86679605
f8686b41f44f,28f40919fc72,39,1685212951691,38699,161869341,460,1879701,86679605
f8686b41f44f,28f40919fc72,14,1685212953775,38699,116456676,460,1879701,86679605
f8686b41f44f,28f40919fc72,39,1685212953785,38699,116456676,460,1879701,86679605
f8686b41f44f,28f40919fc72,18,1685212989169,38699,161869341,460,1879701,86679605
f8686b41f44f,28f40919fc72,36,1685212989211,38699,161869341,460,1879701,86679605
f8686b41f44f,28f40919fc72,14,1685212991377,38699,161481504,460,1879701,86679605
f8686b41f44f,28f40919fc72,20,1685213003250,38699,161481504,460,1879701,86679605
f8686b41f44f,28f40919fc72,2,1685213031665,38699,161869341,460,1879701,86679605
f8686b41f44f,28f40919fc72,18,1685213031670,38699,161869341,460,1879701,86679605
f8686b41f44f,28f40919fc72,39,1685213031736,38699,161869341,460,1879701,86679605
f8686b41f44f,28f40919fc72,14,1685213033049,38699,116456676,460,1879701,86679605
f8686b41f44f,28f40919fc72,39,1685213033059,38699,116456676,460,1879701,86679605
f8686b41f44f,28f40919fc72,2,1685213053381,38699,161869341,460,1879701,86679605
f8686b41f44f,28f40919fc72,18,1685213053385,38699,161869341,460,1879701,86679605
f8686b41f44f,28f40919fc72,36,1685213053431,38699,161869341,460,1879701,86679605
f8686b41f44f,28f40919fc72,39,1685213053461,38699,161869341,460,1879701,86679605
f8686b41f44f,28f40919fc72,14,1685213054594,38699,116456676,460,1879701,86679605
f8686b41f44f,28f40919fc72,39,1685213054605,38699,116456676,460,1879701,86679605
f8686b41f44f,28f40919fc72,2,1685213126425,38699,116456676,460,1879701,86679605
f8686b41f44f,28f40919fc72,18,1685213126428,38699,116456676,460,1879701,86679605
f8686b41f44f,28f40919fc72,18,1685213159939,38699,161869341,460,1879701,86679605
f8686b41f44f,28f40919fc72,36,1685213159991,38699,161869341,460,1879701,86679605
f8686b41f44f,28f40919fc72,14,1685213161656,38699,116456666,460,1879701,86679605
f8686b41f44f,28f40919fc72,39,1685213161669,38699,116456666,460,1879701,86679605
f8686b41f44f,28f40919fc72,2,1685213206690,38699,161869338,460,1879701,86679605
f8686b41f44f,28f40919fc72,18,1685213206693,38699,161869338,460,1879701,86679605
f8686b41f44f,28f40919fc72,36,1685213206720,38699,161869338,460,1879701,86679605
f8686b41f44f,28f40919fc72,39,1685213206756,38699,161869338,460,1879701,86679605
f8686b41f44f,28f40919fc72,14,1685213210026,38699,161481504,460,1879701,86679605
f8686b41f44f,28f40919fc72,39,1685213210040,38699,161481504,460,1879701,86679605
f8686b41f44f,28f40919fc72,20,1685213219947,38699,161481504,460,1879701,86679605
f8686b41f44f,28f40919fc72,2,1685213222376,38699,161481504,460,1879701,86679605
f8686b41f44f,28f40919fc72,18,1685213222380,38699,161481504,460,1879701,86679605
f8686b41f44f,28f40919fc72,36,1685213222401,38699,161481504,460,1879701,86679605
f8686b41f44f,28f40919fc72,39,1685213222446,38699,161481504,460,1879701,86679605
f8686b41f44f,28f40919fc72,20,1685213232304,38699,161481504,460,1879701,86679605
f8686b41f44f,28f40919fc72,4,1685213247377,38699,161869341,460,1879701,86679605
f8686b41f44f,28f40919fc72,2,1685213249525,38699,161869341,460,1879701,86679605
f8686b41f44f,28f40919fc72,18,1685213249528,38699,161869341,460,1879701,86679605
f8686b41f44f,28f40919fc72,36,1685213249576,38699,161869341,460,1879701,86679605
f8686b41f44f,28f40919fc72,39,1685213249605,38699,161869341,460,1879701,86679605
f8686b41f44f,28f40919fc72,14,1685213252366,38699,116456666,460,1879701,86679605
f8686b41f44f,28f40919fc72,20,1685213276269,38699,116456666,460,1879701,86679605
f8686b41f44f,28f40919fc72,2,1685213280051,38699,116456666,460,1879701,86679605
f8686b41f44f,28f40919fc72,18,1685213280056,38699,116456666,460,1879701,86679605
f8686b41f44f,28f40919fc72,36,1685213280081,38699,116456666,460,1879701,86679605
f8686b41f44f,28f40919fc72,39,1685213280112,38699,116456666,460,1879701,86679605
f8686b41f44f,28f40919fc72,20,1685213290018,38699,116456666,460,1879701,86679605
f8686b41f44f,28f40919fc72,36,1685213326146,38699,161869341,460,1879701,86679605
f8686b41f44f,28f40919fc72,14,1685213328766,38699,116456666,460,1879701,86679605
f8686b41f44f,28f40919fc72,39,1685213328778,38699,116456666,460,1879701,86679605
f8686b41f44f,28f40919fc72,20,1685213338697,38699,116456666,460,1879701,86679605
f8686b41f44f,28f40919fc72,2,1685213427601,38699,161869341,460,1879701,86679605
f8686b41f44f,28f40919fc72,36,1685213427646,38699,161869341,460,1879701,86679605
f8686b41f44f,28f40919fc72,2,1685213491756,38699,161869341,460,1879701,86679605
f8686b41f44f,28f40919fc72,18,1685213491758,38699,161869341,460,1879701,86679605
f8686b41f44f,28f40919fc72,36,1685213491811,38699,161869341,460,1879701,86679605
f8686b41f44f,28f40919fc72,39,1685213491835,38699,161869341,460,1879701,86679605
f8686b41f44f,28f40919fc72,39,1685213494020,38699,161481504,460,1879701,86679605
f8686b41f44f,28f40919fc72,20,1685213503932,38699,161481504,460,1879701,86679605
f8686b41f44f,28f40919fc72,2,1685213507496,38699,161869341,460,1879701,86679605
f8686b41f44f,28f40919fc72,18,1685213507497,38699,161869341,460,1879701,86679605
f8686b41f44f,28f40919fc72,36,1685213507551,38699,161869341,460,1879701,86679605
f8686b41f44f,28f40919fc72,39,1685213507576,38699,161869341,460,1879701,86679605
f8686b41f44f,28f40919fc72,14,1685213510346,38699,116456666,460,1879701,86679605
f8686b41f44f,28f40919fc72,39,1685213510355,38699,116456666,460,1879701,86679605
f8686b41f44f,28f40919fc72,20,1685213520241,38699,116456666,460,1879701,86679605
f8686b41f44f,28f40919fc72,2,1685213523460,38699,161869341,460,1879701,86679605
f8686b41f44f,28f40919fc72,18,1685213523464,38699,161869341,460,1879701,86679605
f8686b41f44f,28f40919fc72,36,1685213523516,38699,161869341,460,1879701,86679605
f8686b41f44f,28f40919fc72,14,1685213524665,38699,116456676,460,1879701,86679605
f8686b41f44f,28f40919fc72,39,1685213524677,38699,116456676,460,1879701,86679605
f8686b41f44f,28f40919fc72,20,1685213542618,38699,116456676,460,1879701,86679605
f8686b41f44f,28f40919fc72,4,1685213616710,38699,161869341,460,1879701,86679605
f8686b41f44f,28f40919fc72,2,1685213619445,38699,161869341,460,1879701,86679605
f8686b41f44f,28f40919fc72,18,1685213619449,38699,161869341,460,1879701,86679605
f8686b41f44f,28f40919fc72,39,1685213619526,38699,161869341,460,1879701,86679605
f8686b41f44f,28f40919fc72,14,1685213620968,38699,116456676,460,1879701,86679605
f8686b41f44f,28f40919fc72,39,1685213620979,38699,116456676,460,1879701,86679605
f8686b41f44f,28f40919fc72,18,1685213642499,38699,161869341,460,1879701,86679605
f8686b41f44f,28f40919fc72,36,1685213642551,38699,161869341,460,1879701,86679605
f8686b41f44f,28f40919fc72,39,1685213642576,38699,161869341,460,1879701,86679605
f8686b41f44f,28f40919fc72,39,1685213644950,38699,161481504,460,1879701,86679605
f8686b41f44f,28f40919fc72,20,1685213654803,38699,161481504,460,1879701,86679605
f8686b41f44f,28f40919fc72,18,1685213776894,38699,161869341,460,1879701,86679605
f8686b41f44f,28f40919fc72,36,1685213776936,38699,161869341,460,1879701,86679605
f8686b41f44f,28f40919fc72,39,1685213776961,38699,161869341,460,1879701,86679605
f8686b41f44f,28f40919fc72,14,1685213778776,38699,116456666,460,1879701,86679605
f8686b41f44f,28f40919fc72,39,1685213778786,38699,116456666,460,1879701,86679605
f8686b41f44f,28f40919fc72,20,1685213788711,38699,116456666,460,1879701,86679605
f8686b41f44f,28f40919fc72,2,1685213792375,38699,161869341,460,1879701,86679605
f8686b41f44f,28f40919fc72,18,1685213792379,38699,161869341,460,1879701,86679605
f8686b41f44f,28f40919fc72,36,1685213792430,38699,161869341,460,1879701,86679605
f8686b41f44f,28f40919fc72,39,1685213792455,38699,161869341,460,1879701,86679605
f8686b41f44f,28f40919fc72,14,1685213795237,38699,116456666,460,1879701,86679605
f8686b41f44f,28f40919fc72,39,1685213795250,38699,116456666,460,1879701,86679605
f8686b41f44f,28f40919fc72,4,1685213817605,38699,161869341,460,1879701,86679605
f8686b41f44f,28f40919fc72,18,1685213820404,38699,161869341,460,1879701,86679605
f8686b41f44f,28f40919fc72,36,1685213820446,38699,161869341,460,1879701,86679605
f8686b41f44f,28f40919fc72,20,1685213833508,38699,116456676,460,1879701,86679605
f8686b41f44f,28f40919fc72,2,1685213836436,38699,161481504,460,1879701,86679605
f8686b41f44f,28f40919fc72,18,1685213836440,38699,161481504,460,1879701,86679605
f8686b41f44f,28f40919fc72,36,1685213836466,38699,161481504,460,1879701,86679605
f8686b41f44f,28f40919fc72,39,1685213836511,38699,161481504,460,1879701,86679605
f8686b41f44f,28f40919fc72,20,1685213846344,38699,161481504,460,1879701,86679605
f8686b41f44f,28f40919fc72,2,1685213860146,38699,161869341,460,1879701,86679605
f8686b41f44f,28f40919fc72,18,1685213860150,38699,161869341,460,1879701,86679605
f8686b41f44f,28f40919fc72,36,1685213860191,38699,161869341,460,1879701,86679605
f8686b41f44f,28f40919fc72,14,1685213861626,38699,161481504,460,1879701,86679605
f8686b41f44f,28f40919fc72,39,1685213861637,38699,161481504,460,1879701,86679605
f8686b41f44f,28f40919fc72,20,1685213879547,38699,161481504,460,1879701,86679605
f8686b41f44f,28f40919fc72,2,1685213895680,38699,161869341,460,1879701,86679605
f8686b41f44f,28f40919fc72,39,1685213895751,38699,161869341,460,1879701,86679605
f8686b41f44f,28f40919fc72,20,1685213906820,38699,161481504,460,1879701,86679605
f8686b41f44f,28f40919fc72,2,1685213912971,38699,161869341,460,1879701,86679605
f8686b41f44f,28f40919fc72,18,1685213912973,38699,161869341,460,1879701,86679605
f8686b41f44f,28f40919fc72,39,1685213913041,38699,161869341,460,1879701,86679605
f8686b41f44f,28f40919fc72,14,1685213915176,38699,116456666,460,1879701,86679605
f8686b41f44f,28f40919fc72,20,1685213929064,38699,116456666,460,1879701,86679605
f8686b41f44f,28f40919fc72,2,1685213930451,38699,116456666,460,1879701,86679605
f8686b41f44f,28f40919fc72,18,1685213930453,38699,116456666,460,1879701,86679605
f8686b41f44f,28f40919fc72,36,1685213930481,38699,116456666,460,1879701,86679605
f8686b41f44f,28f40919fc72,2,1685214061971,38699,161869341,460,1879701,86679605
f8686b41f44f,28f40919fc72,18,1685214061973,38699,161869341,460,1879701,86679605
f8686b41f44f,28f40919fc72,36,1685214062015,38699,161869341,460,1879701,86679605
f8686b41f44f,28f40919fc72,39,1685214062041,38699,161869341,460,1879701,86679605
f8686b41f44f,28f40919fc72,39,1685214063946,38699,116456666,460,1879701,86679605
f8686b41f44f,28f40919fc72,20,1685214073830,38699,116456666,460,1879701,86679605
f8686b41f44f,28f40919fc72,2,1685214077840,38699,161869341,460,1879701,86679605
f8686b41f44f,28f40919fc72,18,1685214077842,38699,161869341,460,1879701,86679605
f8686b41f44f,28f40919fc72,36,1685214077885,38699,161869341,460,1879701,86679605
f8686b41f44f,28f40919fc72,14,1685214080386,38699,116456666,460,1879701,86679605
f8686b41f44f,28f40919fc72,39,1685214080397,38699,116456666,460,1879701,86679605
f8686b41f44f,28f40919fc72,18,1685214105844,38699,161869341,460,1879701,86679605
f8686b41f44f,28f40919fc72,36,1685214105886,38699,161869341,460,1879701,86679605
f8686b41f44f,28f40919fc72,39,1685214105911,38699,161869341,460,1879701,86679605
f8686b41f44f,28f40919fc72,14,1685214108566,38699,161481504,460,1879701,86679605
f8686b41f44f,28f40919fc72,39,1685214108577,38699,161481504,460,1879701,86679605
f8686b41f44f,28f40919fc72,20,1685214118488,38699,161481504,460,1879701,86679605
f8686b41f44f,28f40919fc72,4,1685214122702,38699,161869341,460,1879701,86679605
f8686b41f44f,28f40919fc72,2,1685214123140,38699,161869341,460,1879701,86679605
f8686b41f44f,28f40919fc72,18,1685214123143,38699,161869341,460,1879701,86679605
f8686b41f44f,28f40919fc72,36,1685214123180,38699,161869341,460,1879701,86679605
f8686b41f44f,28f40919fc72,39,1685214123211,38699,161869341,460,1879701,86679605
f8686b41f44f,28f40919fc72,14,1685214124318,38699,116456676,460,1879701,86679605
f8686b41f44f,28f40919fc72,39,1685214124327,38699,116456676,460,1879701,86679605
f8686b41f44f,28f40919fc72,20,1685214134278,38699,116456676,460,1879701,86679605
f8686b41f44f,28f40919fc72,2,1685214136726,38699,161481504,460,1879701,86679605
f8686b41f44f,28f40919fc72,18,1685214136729,38699,161481504,460,1879701,86679605
f8686b41f44f,28f40919fc72,36,1685214136756,38699,161481504,460,1879701,86679605
f8686b41f44f,28f40919fc72,39,1685214136801,38699,161481504,460,1879701,86679605
f8686b41f44f,28f40919fc72,2,1685214162170,38699,161869341,460,1879701,86679605
f8686b41f44f,28f40919fc72,18,1685214162174,38699,161869341,460,1879701,86679605
f8686b41f44f,28f40919fc72,36,1685214162215,38699,161869341,460,1879701,86679605
f8686b41f44f,28f40919fc72,39,1685214162241,38699,161869341,460,1879701,86679605
f8686b41f44f,28f40919fc72,14,1685214164967,38699,116456666,460,1879701,86679605
f8686b41f44f,28f40919fc72,39,1685214164979,38699,116456666,460,1879701,86679605
f8686b41f44f,28f40919fc72,20,1685214174915,38699,116456666,460,1879701,86679605
f8686b41f44f,28f40919fc72,2,1685214221415,38699,161869341,460,1879701,86679605
f8686b41f44f,28f40919fc72,36,1685214221460,38699,161869341,460,1879701,86679605
f8686b41f44f,28f40919fc72,14,1685214223126,38699,116456666,460,1879701,86679605
f8686b41f44f,28f40919fc72,20,1685214232998,38699,116456666,460,1879701,86679605
f8686b41f44f,28f40919fc72,2,1685214235381,38699,116456666,460,1879701,86679605
f8686b41f44f,28f40919fc72,18,1685214235383,38699,116456666,460,1879701,86679605
f8686b41f44f,28f40919fc72,39,1685214235444,38699,116456666,460,1879701,86679605
f8686b41f44f,28f40919fc72,20,1685214245354,38699,116456666,460,1879701,86679605
f8686b41f44f,28f40919fc72,2,1685214296735,38699,161869341,460,1879701,86679605
f8686b41f44f,28f40919fc72,18,1685214296738,38699,161869341,460,1879701,86679605
f8686b41f44f,28f40919fc72,36,1685214296780,38699,161869341,460,1879701,86679605
f8686b41f44f,28f40919fc72,39,1685214296806,38699,161869341,460,1879701,86679605
f8686b41f44f,28f40919fc72,14,1685214298449,38699,161481504,460,1879701,86679605
f8686b41f44f,28f40919fc72,39,1685214298460,38699,161481504,460,1879701,86679605
f8686b41f44f,28f40919fc72,20,1685214308370,38699,161481504,460,1879701,86679605
f8686b41f44f,28f40919fc72,4,1685214337446,38699,161869341,460,1879701,86679605
f8686b41f44f,28f40919fc72,2,1685214340110,38699,161869341,460,1879701,86679605
f8686b41f44f,28f40919fc72,18,1685214340115,38699,161869341,460,1879701,86679605
f8686b41f44f,28f40919fc72,36,1685214340161,38699,161869341,460,1879701,86679605
f8686b41f44f,28f40919fc72,39,1685214340191,38699,161869341,460,1879701,86679605
f8686b41f44f,28f40919fc72,14,1685214342944,38699,116456676,460,1879701,86679605
f8686b41f44f,28f40919fc72,39,1685214342956,38699,116456676,460,1879701,86679605
f8686b41f44f,28f40919fc72,20,1685214357898,38699,116456676,460,1879701,86679605
f8686b41f44f,28f40919fc72,2,1685214362686,38699,161481504,460,1879701,86679605
f8686b41f44f,28f40919fc72,18,1685214362688,38699,161481504,460,1879701,86679605
f8686b41f44f,28f40919fc72,36,1685214362716,38699,161481504,460,1879701,86679605
f8686b41f44f,28f40919fc72,20,1685214372589,38699,161481504,460,1879701,86679605
f8686b41f44f,28f40919fc72,18,1685214390029,38699,161869341,460,1879701,86679605
f8686b41f44f,28f40919fc72,39,1685214390106,38699,161869341,460,1879701,86679605
f8686b41f44f,28f40919fc72,14,1685214392286,38699,116456666,460,1879701,86679605
f8686b41f44f,28f40919fc72,39,1685214392295,38699,116456666,460,1879701,86679605
f8686b41f44f,28f40919fc72,20,1685214402171,38699,116456666,460,1879701,86679605
f8686b41f44f,28f40919fc72,2,1685214416655,38699,161869341,460,1879701,86679605
f8686b41f44f,28f40919fc72,36,1685214416711,38699,161869341,460,1879701,86679605
f8686b41f44f,28f40919fc72,39,1685214416735,38699,161869341,460,1879701,86679605
f8686b41f44f,28f40919fc72,14,1685214419450,38699,116456676,460,1879701,86679605
f8686b41f44f,28f40919fc72,39,1685214419460,38699,116456676,460,1879701,86679605
f8686b41f44f,28f40919fc72,20,1685214429403,38699,116456676,460,1879701,86679605
f8686b41f44f,28f40919fc72,18,1685214440274,38699,161869341,460,1879701,86679605
f8686b41f44f,28f40919fc72,36,1685214440305,38699,161869341,460,1879701,86679605
f8686b41f44f,28f40919fc72,39,1685214440330,38699,161869341,460,1879701,86679605
f8686b41f44f,28f40919fc72,39,1685214441996,38699,116456666,460,1879701,86679605
f8686b41f44f,28f40919fc72,20,1685214451861,38699,116456666,460,1879701,86679605
f8686b41f44f,28f40919fc72,2,1685214466198,38699,161869341,460,1879701,86679605
f8686b41f44f,28f40919fc72,18,1685214466203,38699,161869341,460,1879701,86679605
f8686b41f44f,28f40919fc72,36,1685214466240,38699,161869341,460,1879701,86679605
f8686b41f44f,28f40919fc72,14,1685214467559,38699,116456676,460,1879701,86679605
f8686b41f44f,28f40919fc72,4,1685214492367,38699,161869341,460,1879701,86679605
f8686b41f44f,28f40919fc72,2,1685214494985,38699,161869341,460,1879701,86679605
f8686b41f44f,28f40919fc72,18,1685214494988,38699,161869341,460,1879701,86679605
f8686b41f44f,28f40919fc72,36,1685214495040,38699,161869341,460,1879701,86679605
f8686b41f44f,28f40919fc72,14,1685214497440,38699,116456676,460,1879701,86679605
f8686b41f44f,28f40919fc72,39,1685214497451,38699,116456676,460,1879701,86679605
f8686b41f44f,28f40919fc72,20,1685214527394,38699,116456676,460,1879701,86679605
f8686b41f44f,28f40919fc72,2,1685214597565,38699,161869341,460,1879701,86679605
f8686b41f44f,28f40919fc72,18,1685214597568,38699,161869341,460,1879701,86679605
f8686b41f44f,28f40919fc72,36,1685214597610,38699,161869341,460,1879701,86679605
f8686b41f44f,28f40919fc72,39,1685214597636,38699,161869341,460,1879701,86679605
f8686b41f44f,28f40919fc72,14,1685214599008,38699,116456676,460,1879701,86679605
f8686b41f44f,28f40919fc72,39,1685214599017,38699,116456676,460,1879701,86679605
f8686b41f44f,28f40919fc72,2,1685214628070,38699,116456676,460,1879701,86679605
f8686b41f44f,28f40919fc72,18,1685214628073,38699,116456676,460,1879701,86679605
f8686b41f44f,28f40919fc72,36,1685214628099,38699,116456676,460,1879701,86679605
f8686b41f44f,28f40919fc72,39,1685214628122,38699,116456676,460,1879701,86679605
f8686b41f44f,28f40919fc72,20,1685214647056,38699,116456676,460,1879701,86679605
f8686b41f44f,28f40919fc72,18,1685214647518,38699,116456676,460,1879701,86679605
f8686b41f44f,28f40919fc72,36,1685214647539,38699,116456676,460,1879701,86679605
f8686b41f44f,28f40919fc72,20,1685214657501,38699,116456676,460,1879701,86679605
f8686b41f44f,28f40919fc72,2,1685214679311,38699,161869341,460,1879701,86679605
f8686b41f44f,28f40919fc72,18,1685214679313,38699,161869341,460,1879701,86679605
f8686b41f44f,28f40919fc72,36,1685214679355,38699,161869341,460,1879701,86679605
f8686b41f44f,28f40919fc72,2,1685214736540,38699,161869341,460,1879701,86679605
f8686b41f44f,28f40919fc72,18,1685214736544,38699,161869341,460,1879701,86679605
f8686b41f44f,28f40919fc72,36,1685214736585,38699,161869341,460,1879701,86679605
f8686b41f44f,28f40919fc72,39,1685214736610,38699,161869341,460,1879701,86679605
f8686b41f44f,28f40919fc72,14,1685214737765,38699,116456676,460,1879701,86679605
f8686b41f44f,28f40919fc72,39,1685214737776,38699,116456676,460,1879701,86679605
f8686b41f44f,28f40919fc72,20,1685214747719,38699,116456676,460,1879701,86679605
f8686b41f44f,28f40919fc72,2,1685214755165,38699,161869341,460,1879701,86679605
f8686b41f44f,28f40919fc72,18,1685214755171,38699,161869341,460,1879701,86679605
f8686b41f44f,28f40919fc72,36,1685214755215,38699,161869341,460,1879701,86679605
f8686b41f44f,28f40919fc72,39,1685214755245,38699,161869341,460,1879701,86679605
f8686b41f44f,28f40919fc72,14,1685214757976,38699,116456666,460,1879701,86679605
f8686b41f44f,28f40919fc72,39,1685214757986,38699,116456666,460,1879701,86679605
f8686b41f44f,28f40919fc72,20,1685214767861,38699,116456666,460,1879701,86679605
f8686b41f44f,28f40919fc72,4,1685214861188,38699,161869341,460,1879701,86679605
f8686b41f44f,28f40919fc72,18,1685214862358,38699,161869341,460,1879701,86679605
f8686b41f44f,28f40919fc72,36,1685214862395,38699,161869341,460,1879701,86679605
f8686b41f44f,28f40919fc72,39,1685214862425,38699,161869341,460,1879701,86679605
f8686b41f44f,28f40919fc72,39,1685214865652,38699,116456676,460,1879701,86679605
f8686b41f44f,28f40919fc72,20,1685214875593,38699,116456676,460,1879701,86679605
f8686b41f44f,28f40919fc72,18,1685214921199,38699,116456671,460,1879701,86679605
f8686b41f44f,28f40919fc72,39,1685214921251,38699,116456671,460,1879701,86679605
f8686b41f44f,28f40919fc72,14,1685214940341,38699,161481504,460,1879701,86679605
f8686b41f44f,28f40919fc72,2,1685214956646,38699,161869338,460,1879701,86679605
f8686b41f44f,28f40919fc72,18,1685214956649,38699,161869338,460,1879701,86679605
f8686b41f44f,28f40919fc72,36,1685214956675,38699,161869338,460,1879701,86679605
f8686b41f44f,28f40919fc72,39,1685214956700,38699,161869338,460,1879701,86679605
f8686b41f44f,28f40919fc72,14,1685214959336,38699,161481504,460,1879701,86679605
f8686b41f44f,28f40919fc72,39,1685214959350,38699,161481504,460,1879701,86679605
f8686b41f44f,28f40919fc72,20,1685215013196,38699,161481504,460,1879701,86679605
f8686b41f44f,28f40919fc72,18,1685215016424,38699,161869341,460,1879701,86679605
f8686b41f44f,28f40919fc72,36,1685215016465,38699,161869341,460,1879701,86679605
f8686b41f44f,28f40919fc72,39,1685215016490,38699,161869341,460,1879701,86679605
f8686b41f44f,28f40919fc72,14,1685215017947,38699,116456666,460,1879701,86679605
f8686b41f44f,28f40919fc72,2,1685215041580,38699,161869341,460,1879701,86679605
f8686b41f44f,28f40919fc72,18,1685215041583,38699,161869341,460,1879701,86679605
f8686b41f44f,28f40919fc72,36,1685215041620,38699,161869341,460,1879701,86679605
f8686b41f44f,28f40919fc72,39,1685215041650,38699,161869341,460,1879701,86679605
f8686b41f44f,28f40919fc72,14,1685215043117,38699,161481504,460,1879701,86679605
f8686b41f44f,28f40919fc72,39,1685215043128,38699,161481504,460,1879701,86679605
f8686b41f44f,28f40919fc72,20,1685215063010,38699,161481504,460,1879701,86679605
f8686b41f44f,28f40919fc72,4,1685215077046,38699,161869338,460,1879701,86679605
f8686b41f44f,28f40919fc72,2,1685215079925,38699,161869338,460,1879701,86679605
f8686b41f44f,28f40919fc72,18,1685215079929,38699,161869338,460,1879701,86679605
f8686b41f44f,28f40919fc72,36,1685215079955,38699,161869338,460,1879701,86679605
f8686b41f44f,28f40919fc72,39,1685215079986,38699,161869338,460,1879701,86679605
f8686b41f44f,28f40919fc72,14,1685215083046,38699,161481504,460,1879701,86679605
f8686b41f44f,28f40919fc72,39,1685215083057,38699,161481504,460,1879701,86679605
f8686b41f44f,28f40919fc72,20,1685215104897,38699,161481504,460,1879701,86679605
f8686b41f44f,28f40919fc72,2,1685215105486,38699,161481504,460,1879701,86679605
f8686b41f44f,28f40919fc72,18,1685215105489,38699,161481504,460,1879701,86679605
f8686b41f44f,28f40919fc72,39,1685215105556,38699,161481504,460,1879701,86679605
f8686b41f44f,28f40919fc72,20,1685215115456,38699,161481504,460,1879701,86679605
f8686b41f44f,28f40919fc72,18,1685215136743,38699,161869338,460,1879701,86679605
f8686b41f44f,28f40919fc72,36,1685215136765,38699,161869338,460,1879701,86679605
f8686b41f44f,28f40919fc72,39,1685215136790,38699,161869338,460,1879701,86679605
f8686b41f44f,28f40919fc72,14,1685215139395,38699,161481504,460,1879701,86679605
f8686b41f44f,28f40919fc72,39,1685215139404,38699,161481504,460,1879701,86679605
f8686b41f44f,28f40919fc72,4,1685215177455,38699,161869341,460,1879701,86679605
f8686b41f44f,28f40919fc72,2,1685215179790,38699,161869341,460,1879701,86679605
f8686b41f44f,28f40919fc72,18,1685215179793,38699,161869341,460,1879701,86679605
f8686b41f44f,28f40919fc72,36,1685215179835,38699,161869341,460,1879701,86679605
f8686b41f44f,28f40919fc72,39,1685215179860,38699,161869341,460,1879701,86679605
f8686b41f44f,28f40919fc72,14,1685215181316,38699,116456666,460,1879701,86679605
f8686b41f44f,28f40919fc72,20,1685215191198,38699,116456666,460,1879701,86679605
f8686b41f44f,28f40919fc72,2,1685215195730,38699,161869341,460,1879701,86679605
f8686b41f44f,28f40919fc72,18,1685215195734,38699,161869341,460,1879701,86679605
f8686b41f44f,28f40919fc72,36,1685215195775,38699,161869341,460,1879701,86679605
f8686b41f44f,28f40919fc72,39,1685215195800,38699,161869341,460,1879701,86679605
f8686b41f44f,28f40919fc72,14,1685215197674,38699,116456676,460,1879701,86679605
f8686b41f44f,28f40919fc72,39,1685215197688,38699,116456676,460,1879701,86679605
f8686b41f44f,28f40919fc72,20,1685215207628,38699,116456676,460,1879701,86679605
f8686b41f44f,28f40919fc72,2,1685215243820,38699,161869341,460,1879701,86679605
f8686b41f44f,28f40919fc72,36,1685215243875,38699,161869341,460,1879701,86679605
f8686b41f44f,28f40919fc72,39,1685215246690,38699,161481504,460,1879701,86679605
f8686b41f44f,28f40919fc72,20,1685215256569,38699,161481504,460,1879701,86679605
f8686b41f44f,28f40919fc72,2,1685215257496,38699,161481504,460,1879701,86679605
f8686b41f44f,28f40919fc72,18,1685215257500,38699,161481504,460,1879701,86679605
f8686b41f44f,28f40919fc72,36,1685215257521,38699,161481504,460,1879701,86679605
f8686b41f44f,28f40919fc72,39,1685215257566,38699,161481504,460,1879701,86679605
f8686b41f44f,28f40919fc72,20,1685215273388,38699,161481504,460,1879701,86679605
f8686b41f44f,28f40919fc72,2,1685215277435,38699,161869341,460,1879701,86679605
f8686b41f44f,28f40919fc72,18,1685215277440,38699,161869341,460,1879701,86679605
f8686b41f44f,28f40919fc72,36,1685215277480,38699,161869341,460,1879701,86679605
f8686b41f44f,28f40919fc72,39,1685215277505,38699,161869341,460,1879701,86679605
f8686b41f44f,28f40919fc72,20,1685215290733,38699,116456676,460,1879701,86679605
f8686b41f44f,28f40919fc72,2,1685215293116,38699,161481504,460,1879701,86679605
f8686b41f44f,28f40919fc72,18,1685215293120,38699,161481504,460,1879701,86679605
f8686b41f44f,28f40919fc72,36,1685215293141,38699,161481504,460,1879701,86679605
f8686b41f44f,28f40919fc72,39,1685215293187,38699,161481504,460,1879701,86679605
f8686b41f44f,28f40919fc72,20,1685215303008,38699,161481504,460,1879701,86679605
f8686b41f44f,28f40919fc72,4,1685215304526,38699,161481504,460,1879701,86679605
f8686b41f44f,28f40919fc72,2,1685215305215,38699,161481504,460,1879701,86679605
f8686b41f44f,28f40919fc72,18,1685215305218,38699,161481504,460,1879701,86679605
f8686b41f44f,28f40919fc72,36,1685215305246,38699,161481504,460,1879701,86679605
f8686b41f44f,28f40919fc72,39,1685215305287,38699,161481504,460,1879701,86679605
f8686b41f44f,28f40919fc72,20,1685215315150,38699,161481504,460,1879701,86679605
f8686b41f44f,28f40919fc72,2,1685215403370,38699,161869341,460,1879701,86679605
f8686b41f44f,28f40919fc72,18,1685215403372,38699,161869341,460,1879701,86679605
f8686b41f44f,28f40919fc72,36,1685215403415,38699,161869341,460,1879701,86679605
f8686b41f44f,28f40919fc72,39,1685215403440,38699,161869341,460,1879701,86679605
f8686b41f44f,28f40919fc72,14,1685215405186,38699,116456666,460,1879701,86679605
f8686b41f44f,28f40919fc72,39,1685215405196,38699,116456666,460,1879701,86679605
f8686b41f44f,28f40919fc72,4,1685215433992,38699,161869341,460,1879701,86679605
f8686b41f44f,28f40919fc72,2,1685215437045,38699,161869341,460,1879701,86679605
f8686b41f44f,28f40919fc72,18,1685215437049,38699,161869341,460,1879701,86679605
f8686b41f44f,28f40919fc72,36,1685215437090,38699,161869341,460,1879701,86679605
f8686b41f44f,28f40919fc72,14,1685215438889,38699,116456676,460,1879701,86679605
f8686b41f44f,28f40919fc72,39,1685215438902,38699,116456676,460,1879701,86679605
f8686b41f44f,28f40919fc72,20,1685215457844,38699,116456676,460,1879701,86679605
f8686b41f44f,28f40919fc72,2,1685215528945,38699,161869341,460,1879701,86679605
f8686b41f44f,28f40919fc72,36,1685215529000,38699,161869341,460,1879701,86679605
f8686b41f44f,28f40919fc72,14,1685215531369,38699,116456676,460,1879701,86679605
f8686b41f44f,28f40919fc72,39,1685215531383,38699,116456676,460,1879701,86679605
f8686b41f44f,28f40919fc72,20,1685215541322,38699,116456676,460,1879701,86679605
f8686b41f44f,28f40919fc72,2,1685215544606,38699,161481504,460,1879701,86679605
f8686b41f44f,28f40919fc72,18,1685215544609,38699,161481504,460,1879701,86679605
f8686b41f44f,28f40919fc72,36,1685215544636,38699,161481504,460,1879701,86679605
f8686b41f44f,28f40919fc72,39,1685215544675,38699,161481504,460,1879701,86679605
f8686b41f44f,28f40919fc72,20,1685215554566,38699,161481504,460,1879701,86679605
f8686b41f44f,28f40919fc72,2,1685215558050,38699,161869341,460,1879701,86679605
f8686b41f44f,28f40919fc72,18,1685215558053,38699,161869341,460,1879701,86679605
f8686b41f44f,28f40919fc72,39,1685215558120,38699,161869341,460,1879701,86679605
f8686b41f44f,28f40919fc72,14,1685215561046,38699,116456666,460,1879701,86679605
f8686b41f44f,28f40919fc72,39,1685215561061,38699,116456666,460,1879701,86679605
f8686b41f44f,28f40919fc72,2,1685215575571,38699,116456666,460,1879701,86679605
f8686b41f44f,28f40919fc72,18,1685215575575,38699,116456666,460,1879701,86679605
f8686b41f44f,28f40919fc72,36,1685215575596,38699,116456666,460,1879701,86679605
f8686b41f44f,28f40919fc72,39,1685215575621,38699,116456666,460,1879701,86679605
f8686b41f44f,28f40919fc72,20,1685215585509,38699,116456666,460,1879701,86679605
f8686b41f44f,28f40919fc72,18,1685215615892,38699,161869341,460,1879701,86679605
f8686b41f44f,28f40919fc72,36,1685215615935,38699,161869341,460,1879701,86679605
f8686b41f44f,28f40919fc72,39,1685215615961,38699,161869341,460,1879701,86679605
f8686b41f44f,28f40919fc72,14,1685215619234,38699,116456676,460,1879701,86679605
f8686b41f44f,28f40919fc72,39,1685215619247,38699,116456676,460,1879701,86679605
f8686b41f44f,28f40919fc72,2,1685215676830,38699,161869341,460,1879701,86679605
f8686b41f44f,28f40919fc72,18,1685215676834,38699,161869341,460,1879701,86679605
f8686b41f44f,28f40919fc72,36,1685215676871,38699,161869341,460,1879701,86679605
f8686b41f44f,28f40919fc72,39,1685215676900,38699,161869341,460,1879701,86679605
f8686b41f44f,28f40919fc72,14,1685215679364,38699,116456676,460,1879701,86679605
f8686b41f44f,28f40919fc72,39,1685215679374,38699,116456676,460,1879701,86679605
f8686b41f44f,28f40919fc72,20,1685215689318,38699,116456676,460,1879701,86679605
f8686b41f44f,28f40919fc72,2,1685215704200,38699,161869341,460,1879701,86679605
f8686b41f44f,28f40919fc72,36,1685215704245,38699,161869341,460,1879701,86679605
f8686b41f44f,28f40919fc72,14,1685215706996,38699,116456666,460,1879701,86679605
f8686b41f44f,28f40919fc72,39,1685215707007,38699,116456666,460,1879701,86679605
f8686b41f44f,28f40919fc72,20,1685215727945,38699,116456666,460,1879701,86679605
f8686b41f44f,28f40919fc72,2,1685215814015,38699,161869341,460,1879701,86679605
f8686b41f44f,28f40919fc72,18,1685215814017,38699,161869341,460,1879701,86679605
f8686b41f44f,28f40919fc72,36,1685215814060,38699,161869341,460,1879701,86679605
f8686b41f44f,28f40919fc72,14,1685215826697,38699,161481504,460,1879701,86679605
f8686b41f44f,28f40919fc72,39,1685215826709,38699,161481504,460,1879701,86679605
f8686b41f44f,28f40919fc72,20,1685215836610,38699,161481504,460,1879701,86679605
f8686b41f44f,28f40919fc72,2,1685215947260,38699,161869341,460,1879701,86679605
f8686b41f44f,28f40919fc72,18,1685215947263,38699,161869341,460,1879701,86679605
f8686b41f44f,28f40919fc72,39,1685215947330,38699,161869341,460,1879701,86679605
f8686b41f44f,28f40919fc72,14,1685215949146,38699,161481504,460,1879701,86679605
f8686b41f44f,28f40919fc72,39,1685215949155,38699,161481504,460,1879701,86679605
f8686b41f44f,28f40919fc72,20,1685215959079,38699,161481504,460,1879701,86679605
f8686b41f44f,28f40919fc72,2,1685215977650,38699,161869341,460,1879701,86679605
f8686b41f44f,28f40919fc72,18,1685215977653,38699,161869341,460,1879701,86679605
f8686b41f44f,28f40919fc72,36,1685215977695,38699,161869341,460,1879701,86679605
f8686b41f44f,28f40919fc72,39,1685215979616,38699,161481504,460,1879701,86679605
f8686b41f44f,28f40919fc72,20,1685215999540,38699,161481504,460,1879701,86679605
f8686b41f44f,28f40919fc72,2,1685216099075,38699,161869341,460,1879701,86679605
f8686b41f44f,28f40919fc72,36,1685216099130,38699,161869341,460,1879701,86679605
f8686b41f44f,28f40919fc72,14,1685216102096,38699,116456666,460,1879701,86679605
f8686b41f44f,28f40919fc72,20,1685216112043,38699,116456666,460,1879701,86679605
f8686b41f44f,28f40919fc72,18,1685216196003,38699,161869341,460,1879701,86679605
f8686b41f44f,28f40919fc72,36,1685216196040,38699,161869341,460,1879701,86679605
f8686b41f44f,28f40919fc72,39,1685216196070,38699,161869341,460,1879701,86679605
f8686b41f44f,28f40919fc72,39,1685216197519,38699,161481504,460,1879701,86679605
f8686b41f44f,28f40919fc72,20,1685216207404,38699,161481504,460,1879701,86679605
f8686b41f44f,28f40919fc72,2,1685216247855,38699,161869341,460,1879701,86679605
f8686b41f44f,28f40919fc72,36,1685216247900,38699,161869341,460,1879701,86679605
f8686b41f44f,28f40919fc72,39,1685216247925,38699,161869341,460,1879701,86679605
f8686b41f44f,28f40919fc72,39,1685216250819,38699,116456666,460,1879701,86679605
f8686b41f44f,28f40919fc72,20,1685216260666,38699,116456666,460,1879701,86679605
f8686b41f44f,28f40919fc72,4,1685216297276,38699,161869341,460,1879701,86679605
f8686b41f44f,28f40919fc72,2,1685216299780,38699,161869341,460,1879701,86679605
f8686b41f44f,28f40919fc72,18,1685216299782,38699,161869341,460,1879701,86679605
f8686b41f44f,28f40919fc72,36,1685216299835,38699,161869341,460,1879701,86679605
f8686b41f44f,28f40919fc72,39,1685216299860,38699,161869341,460,1879701,86679605
f8686b41f44f,28f40919fc72,14,1685216302116,38699,161481504,460,1879701,86679605
f8686b41f44f,28f40919fc72,39,1685216302128,38699,161481504,460,1879701,86679605
f8686b41f44f,28f40919fc72,20,1685216312007,38699,161481504,460,1879701,86679605
f8686b41f44f,28f40919fc72,2,1685216384250,38699,161869341,460,1879701,86679605
f8686b41f44f,28f40919fc72,18,1685216384253,38699,161869341,460,1879701,86679605
f8686b41f44f,28f40919fc72,36,1685216384305,38699,161869341,460,1879701,86679605
f8686b41f44f,28f40919fc72,39,1685216384332,38699,161869341,460,1879701,86679605
f8686b41f44f,28f40919fc72,14,1685216387234,38699,116456676,460,1879701,86679605
f8686b41f44f,28f40919fc72,39,1685216387252,38699,116456676,460,1879701,86679605
f8686b41f44f,28f40919fc72,20,1685216397188,38699,116456676,460,1879701,86679605
f8686b41f44f,28f40919fc72,4,1685216424987,38699,161869341,460,1879701,86679605
f8686b41f44f,28f40919fc72,18,1685216427799,38699,161869341,460,1879701,86679605
f8686b41f44f,28f40919fc72,39,1685216427866,38699,161869341,460,1879701,86679605
f8686b41f44f,28f40919fc72,14,1685216429919,38699,116456676,460,1879701,86679605
f8686b41f44f,28f40919fc72,39,1685216429932,38699,116456676,460,1879701,86679605
f8686b41f44f,28f40919fc72,4,1685216522951,38699,116456676,460,1879701,86679605
f8686b41f44f,28f40919fc72,2,1685216523754,38699,116456676,460,1879701,86679605
f8686b41f44f,28f40919fc72,18,1685216523758,38699,116456676,460,1879701,86679605
f8686b41f44f,28f40919fc72,36,1685216523782,38699,116456676,460,1879701,86679605
f8686b41f44f,28f40919fc72,39,1685216523805,38699,116456676,460,1879701,86679605
f8686b41f44f,28f40919fc72,20,1685216533741,38699,116456676,460,1879701,86679605
f8686b41f44f,28f40919fc72,18,1685216642819,38699,161869341,460,1879701,86679605
f8686b41f44f,28f40919fc72,36,1685216642860,38699,161869341,460,1879701,86679605
f8686b41f44f,28f40919fc72,39,1685216642885,38699,161869341,460,1879701,86679605
f8686b41f44f,28f40919fc72,39,1685216644821,38699,116456676,460,1879701,86679605
f8686b41f44f,28f40919fc72,20,1685216657763,38699,116456676,460,1879701,86679605
f8686b41f44f,28f40919fc72,2,1685216669330,38699,161869341,460,1879701,86679605
f8686b41f44f,28f40919fc72,18,1685216669332,38699,161869341,460,1879701,86679605
f8686b41f44f,28f40919fc72,36,1685216669375,38699,161869341,460,1879701,86679605
f8686b41f44f,28f40919fc72,39,1685216669400,38699,161869341,460,1879701,86679605
f8686b41f44f,28f40919fc72,14,1685216671954,38699,116456676,460,1879701,86679605
f8686b41f44f,28f40919fc72,39,1685216671963,38699,116456676,460,1879701,86679605
f8686b41f44f,28f40919fc72,20,1685216681908,38699,116456676,460,1879701,86679605
f8686b41f44f,28f40919fc72,2,1685216685075,38699,161481504,460,1879701,86679605
f8686b41f44f,28f40919fc72,18,1685216685079,38699,161481504,460,1879701,86679605
f8686b41f44f,28f40919fc72,39,1685216685150,38699,161481504,460,1879701,86679605
f8686b41f44f,28f40919fc72,20,1685216694981,38699,161481504,460,1879701,86679605
f8686b41f44f,28f40919fc72,2,1685216713235,38699,161869341,460,1879701,86679605
f8686b41f44f,28f40919fc72,18,1685216713239,38699,161869341,460,1879701,86679605
f8686b41f44f,28f40919fc72,36,1685216713280,38699,161869341,460,1879701,86679605
f8686b41f44f,28f40919fc72,39,1685216713306,38699,161869341,460,1879701,86679605
f8686b41f44f,28f40919fc72,39,1685216715995,38699,116456666,460,1879701,86679605
f8686b41f44f,28f40919fc72,36,1685216729786,38699,116456666,460,1879701,86679605
f8686b41f44f,28f40919fc72,39,1685216729811,38699,116456666,460,1879701,86679605
f8686b41f44f,28f40919fc72,20,1685216739643,38699,116456666,460,1879701,86679605
f8686b41f44f,28f40919fc72,18,1685216776114,38699,161869341,460,1879701,86679605
f8686b41f44f,28f40919fc72,39,1685216776190,38699,161869341,460,1879701,86679605
f8686b41f44f,28f40919fc72,14,1685216778986,38699,116456676,460,1879701,86679605
f8686b41f44f,28f40919fc72,39,1685216778997,38699,116456676,460,1879701,86679605
f8686b41f44f,28f40919fc72,20,1685216788939,38699,116456676,460,1879701,86679605
f8686b41f44f,28f40919fc72,2,1685216796075,38699,116456671,460,1879701,86679605
f8686b41f44f,28f40919fc72,36,1685216796105,38699,116456671,460,1879701,86679605
f8686b41f44f,28f40919fc72,39,1685216796130,38699,116456671,460,1879701,86679605
f8686b41f44f,28f40919fc72,14,1685216955470,38699,161481504,460,1879701,86679605
f8686b41f44f,28f40919fc72,39,1685216955480,38699,161481504,460,1879701,86679605
f8686b41f44f,28f40919fc72,20,1685216980357,38699,161481504,460,1879701,86679605
f8686b41f44f,28f40919fc72,4,1685216994805,38699,161869341,460,1879701,86679605
f8686b41f44f,28f40919fc72,2,1685216997360,38699,161869341,460,1879701,86679605
f8686b41f44f,28f40919fc72,18,1685216997363,38699,161869341,460,1879701,86679605
f8686b41f44f,28f40919fc72,14,1685216998935,38699,116456666,460,1879701,86679605
f8686b41f44f,28f40919fc72,39,1685216998948,38699,116456666,460,1879701,86679605
f8686b41f44f,28f40919fc72,20,1685217008857,38699,116456666,460,1879701,86679605
f8686b41f44f,28f40919fc72,4,1685217014939,38699,161869341,460,1879701,86679605
f8686b41f44f,28f40919fc72,2,1685217016835,38699,161869341,460,1879701,86679605
f8686b41f44f,28f40919fc72,18,1685217016837,38699,161869341,460,1879701,86679605
f8686b41f44f,28f40919fc72,36,1685217016890,38699,161869341,460,1879701,86679605
f8686b41f44f,28f40919fc72,39,1685217016915,38699,161869341,460,1879701,86679605
f8686b41f44f,28f40919fc72,14,1685217019298,38699,161481504,460,1879701,86679605
f8686b41f44f,28f40919fc72,39,1685217019311,38699,161481504,460,1879701,86679605
f8686b41f44f,28f40919fc72,20,1685217036147,38699,161481504,460,1879701,86679605
f8686b41f44f,28f40919fc72,2,1685217053700,38699,161869341,460,1879701,86679605
f8686b41f44f,28f40919fc72,18,1685217053704,38699,161869341,460,1879701,86679605
f8686b41f44f,28f40919fc72,36,1685217053755,38699,161869341,460,1879701,86679605
f8686b41f44f,28f40919fc72,39,1685217053780,38699,161869341,460,1879701,86679605
f8686b41f44f,28f40919fc72,14,1685217055165,38699,161481504,460,1879701,86679605
f8686b41f44f,28f40919fc72,20,1685217065106,38699,161481504,460,1879701,86679605
f8686b41f44f,28f40919fc72,4,1685217084992,38699,161869341,460,1879701,86679605
f8686b41f44f,28f40919fc72,2,1685217088230,38699,161869341,460,1879701,86679605
f8686b41f44f,28f40919fc72,18,1685217088233,38699,161869341,460,1879701,86679605
f8686b41f44f,28f40919fc72,39,1685217088311,38699,161869341,460,1879701,86679605
f8686b41f44f,28f40919fc72,14,1685217089415,38699,161481504,460,1879701,86679605
f8686b41f44f,28f40919fc72,39,1685217089428,38699,161481504,460,1879701,86679605
f8686b41f44f,28f40919fc72,4,1685217115089,38699,161869338,460,1879701,86679605
f8686b41f44f,28f40919fc72,2,1685217117690,38699,161869338,460,1879701,86679605
f8686b41f44f,28f40919fc72,36,1685217117720,38699,161869338,460,1879701,86679605
f8686b41f44f,28f40919fc72,39,1685217117751,38699,161869338,460,1879701,86679605
f8686b41f44f,28f40919fc72,14,1685217120678,38699,161481504,460,1879701,86679605
f8686b41f44f,28f40919fc72,39,1685217120691,38699,161481504,460,1879701,86679605
f8686b41f44f,28f40919fc72,20,1685217130527,38699,161481504,460,1879701,86679605
f8686b41f44f,28f40919fc72,4,1685217145924,38699,161869341,460,1879701,86679605
f8686b41f44f,28f40919fc72,2,1685217148425,38699,161869341,460,1879701,86679605
f8686b41f44f,28f40919fc72,36,1685217148470,38699,161869341,460,1879701,86679605
f8686b41f44f,28f40919fc72,39,1685217148495,38699,161869341,460,1879701,86679605
f8686b41f44f,28f40919fc72,14,1685217149785,38699,116456671,460,1879701,86679605
f8686b41f44f,28f40919fc72,20,1685217160119,38699,161481504,460,1879701,86679605
f8686b41f44f,28f40919fc72,2,1685217176550,38699,161869341,460,1879701,86679605
f8686b41f44f,28f40919fc72,18,1685217176553,38699,161869341,460,1879701,86679605
f8686b41f44f,28f40919fc72,36,1685217176605,38699,161869341,460,1879701,86679605
f8686b41f44f,28f40919fc72,39,1685217176630,38699,161869341,460,1879701,86679605
f8686b41f44f,28f40919fc72,14,1685217179096,38699,116456666,460,1879701,86679605
f8686b41f44f,28f40919fc72,39,1685217179108,38699,116456666,460,1879701,86679605
f8686b41f44f,28f40919fc72,2,1685217239500,38699,161869341,460,1879701,86679605
f8686b41f44f,28f40919fc72,18,1685217239502,38699,161869341,460,1879701,86679605
f8686b41f44f,28f40919fc72,39,1685217239580,38699,161869341,460,1879701,86679605
f8686b41f44f,28f40919fc72,14,1685217241864,38699,116456676,460,1879701,86679605
f8686b41f44f,28f40919fc72,39,1685217241875,38699,116456676,460,1879701,86679605
f8686b41f44f,28f40919fc72,20,1685217251820,38699,116456676,460,1879701,86679605
f8686b41f44f,28f40919fc72,18,1685217254910,38699,161481504,460,1879701,86679605
f8686b41f44f,28f40919fc72,36,1685217254936,38699,161481504,460,1879701,86679605
f8686b41f44f,28f40919fc72,20,1685217264834,38699,161481504,460,1879701,86679605
f8686b41f44f,28f40919fc72,2,1685217274215,38699,161869338,460,1879701,86679605
f8686b41f44f,28f40919fc72,18,1685217274217,38699,161869338,460,1879701,86679605
f8686b41f44f,28f40919fc72,36,1685217274240,38699,161869338,460,1879701,86679605
f8686b41f44f,28f40919fc72,39,1685217274281,38699,161869338,460,1879701,86679605
f8686b41f44f,28f40919fc72,39,1685217282313,38699,161481504,460,1879701,86679605
f8686b41f44f,28f40919fc72,20,1685217292173,38699,161481504,460,1879701,86679605
f8686b41f44f,28f40919fc72,2,1685217354485,38699,161869338,460,1879701,86679605
f8686b41f44f,28f40919fc72,18,1685217354489,38699,161869338,460,1879701,86679605
f8686b41f44f,28f40919fc72,14,1685217358298,38699,116456676,460,1879701,86679605
f8686b41f44f,28f40919fc72,39,1685217358307,38699,116456676,460,1879701,86679605
f8686b41f44f,28f40919fc72,20,1685217368254,38699,116456676,460,1879701,86679605
f8686b41f44f,28f40919fc72,2,1685217499845,38699,161869341,460,1879701,86679605
f8686b41f44f,28f40919fc72,18,1685217499849,38699,161869341,460,1879701,86679605
f8686b41f44f,28f40919fc72,36,1685217499910,38699,161869341,460,1879701,86679605
f8686b41f44f,28f40919fc72,39,1685217499945,38699,161869341,460,1879701,86679605
f8686b41f44f,28f40919fc72,14,1685217502005,38699,116456666,460,1879701,86679605
f8686b41f44f,28f40919fc72,39,1685217502015,38699,116456666,460,1879701,86679605
f8686b41f44f,28f40919fc72,20,1685217520895,38699,116456666,460,1879701,86679605
f8686b41f44f,28f40919fc72,2,1685217524565,38699,116456666,460,1879701,86679605
f8686b41f44f,28f40919fc72,18,1685217524568,38699,116456666,460,1879701,86679605
f8686b41f44f,28f40919fc72,36,1685217524596,38699,116456666,460,1879701,86679605
f8686b41f44f,28f40919fc72,2,1685217540235,38699,161869338,460,1879701,86679605
f8686b41f44f,28f40919fc72,18,1685217540238,38699,161869338,460,1879701,86679605
f8686b41f44f,28f40919fc72,36,1685217540265,38699,161869338,460,1879701,86679605
f8686b41f44f,28f40919fc72,39,1685217540295,38699,161869338,460,1879701,86679605
f8686b41f44f,28f40919fc72,14,1685217542445,38699,161481504,460,1879701,86679605
f8686b41f44f,28f40919fc72,39,1685217542456,38699,161481504,460,1879701,86679605
f8686b41f44f,28f40919fc72,20,1685217561360,38699,161481504,460,1879701,86679605
f8686b41f44f,28f40919fc72,39,1685217809765,38699,116456671,460,1879701,86679605
f8686b41f44f,28f40919fc72,2,1685217851085,38699,116456671,460,1879701,86679605
f8686b41f44f,28f40919fc72,18,1685217851088,38699,116456671,460,1879701,86679605
f8686b41f44f,28f40919fc72,36,1685217851115,38699,116456671,460,1879701,86679605
f8686b41f44f,28f40919fc72,39,1685217851146,38699,116456671,460,1879701,86679605
f8686b41f44f,28f40919fc72,20,1685217860972,38699,116456671,460,1879701,86679605
f8686b41f44f,28f40919fc72,18,1685217872879,38699,116456671,460,1879701,86679605
f8686b41f44f,28f40919fc72,36,1685217872900,38699,116456671,460,1879701,86679605
f8686b41f44f,28f40919fc72,39,1685217872925,38699,116456671,460,1879701,86679605
f8686b41f44f,28f40919fc72,20,1685217882775,38699,116456671,460,1879701,86679605
f8686b41f44f,28f40919fc72,4,1685218082745,38699,116456671,460,1879701,86679605
f8686b41f44f,28f40919fc72,2,1685218086635,38699,116456671,460,1879701,86679605
f8686b41f44f,28f40919fc72,18,1685218086638,38699,116456671,460,1879701,86679605
f8686b41f44f,28f40919fc72,36,1685218086666,38699,116456671,460,1879701,86679605
f8686b41f44f,28f40919fc72,39,1685218086695,38699,116456671,460,1879701,86679605
f8686b41f44f,28f40919fc72,20,1685218122539,38699,116456671,460,1879701,86679605
f8686b41f44f,28f40919fc72,4,1685218135189,38699,161481759,460,1879701,86679605
f8686b41f44f,28f40919fc72,2,1685218137845,38699,161481759,460,1879701,86679605
f8686b41f44f,28f40919fc72,18,1685218137848,38699,161481759,460,1879701,86679605
f8686b41f44f,28f40919fc72,36,1685218137880,38699,161481759,460,1879701,86679605
f8686b41f44f,28f40919fc72,39,1685218137905,38699,161481759,460,1879701,86679605
f8686b41f44f,28f40919fc72,14,1685218139625,38699,161481504,460,1879701,86679605
f8686b41f44f,28f40919fc72,39,1685218139639,38699,161481504,460,1879701,86679605
f8686b41f44f,28f40919fc72,20,1685218149530,38699,161481504,460,1879701,86679605
f8686b41f44f,28f40919fc72,4,1685218170226,38699,161869341,460,1879701,86679605
f8686b41f44f,28f40919fc72,2,1685218172420,38699,161869341,460,1879701,86679605
f8686b41f44f,28f40919fc72,36,1685218172470,38699,161869341,460,1879701,86679605
f8686b41f44f,28f40919fc72,39,1685218175084,38699,116456676,460,1879701,86679605
f8686b41f44f,28f40919fc72,20,1685218185027,38699,116456676,460,1879701,86679605
f8686b41f44f,28f40919fc72,18,1685218216801,38699,116456676,460,1879701,86679605
f8686b41f44f,28f40919fc72,36,1685218216823,38699,116456676,460,1879701,86679605
f8686b41f44f,28f40919fc72,39,1685218216847,38699,116456676,460,1879701,86679605
f8686b41f44f,28f40919fc72,20,1685218226785,38699,116456676,460,1879701,86679605
f8686b41f44f,28f40919fc72,2,1685218341575,38699,161869338,460,1879701,86679605
f8686b41f44f,28f40919fc72,18,1685218341578,38699,161869338,460,1879701,86679605
f8686b41f44f,28f40919fc72,36,1685218341600,38699,161869338,460,1879701,86679605
f8686b41f44f,28f40919fc72,39,1685218341625,38699,161869338,460,1879701,86679605
f8686b41f44f,28f40919fc72,14,1685218343406,38699,161481504,460,1879701,86679605
f8686b41f44f,28f40919fc72,39,1685218343417,38699,161481504,460,1879701,86679605
f8686b41f44f,28f40919fc72,20,1685218362303,38699,161481504,460,1879701,86679605
f8686b41f44f,28f40919fc72,18,1685218363424,38699,161481504,460,1879701,86679605
f8686b41f44f,28f40919fc72,36,1685218363452,38699,161481504,460,1879701,86679605
f8686b41f44f,28f40919fc72,39,1685218363500,38699,161481504,460,1879701,86679605
f8686b41f44f,28f40919fc72,20,1685218373351,38699,161481504,460,1879701,86679605
f8686b41f44f,28f40919fc72,18,1685218373789,38699,161481504,460,1879701,86679605
f8686b41f44f,28f40919fc72,36,1685218373815,38699,161481504,460,1879701,86679605
f8686b41f44f,28f40919fc72,39,1685218373860,38699,161481504,460,1879701,86679605
f8686b41f44f,28f40919fc72,20,1685218385711,38699,161481504,460,1879701,86679605
f8686b41f44f,28f40919fc72,4,1685218395134,38699,161869341,460,1879701,86679605
f8686b41f44f,28f40919fc72,18,1685218397697,38699,161869341,460,1879701,86679605
f8686b41f44f,28f40919fc72,36,1685218397750,38699,161869341,460,1879701,86679605
f8686b41f44f,28f40919fc72,14,1685218400788,38699,116456676,460,1879701,86679605
f8686b41f44f,28f40919fc72,39,1685218400797,38699,116456676,460,1879701,86679605
f8686b41f44f,28f40919fc72,20,1685218414742,38699,116456676,460,1879701,86679605
f8686b41f44f,28f40919fc72,2,1685218434825,38699,161869341,460,1879701,86679605
f8686b41f44f,28f40919fc72,18,1685218434827,38699,161869341,460,1879701,86679605
f8686b41f44f,28f40919fc72,39,1685218434905,38699,161869341,460,1879701,86679605
f8686b41f44f,28f40919fc72,14,1685218437629,38699,116456676,460,1879701,86679605
f8686b41f44f,28f40919fc72,39,1685218437641,38699,116456676,460,1879701,86679605
f8686b41f44f,28f40919fc72,20,1685218453582,38699,116456676,460,1879701,86679605
f8686b41f44f,28f40919fc72,4,1685218462108,38699,161869338,460,1879701,86679605
f8686b41f44f,28f40919fc72,2,1685218464219,38699,161869338,460,1879701,86679605
f8686b41f44f,28f40919fc72,18,1685218464222,38699,161869338,460,1879701,86679605
f8686b41f44f,28f40919fc72,36,1685218464240,38699,161869338,460,1879701,86679605
f8686b41f44f,28f40919fc72,39,1685218464280,38699,161869338,460,1879701,86679605
f8686b41f44f,28f40919fc72,20,1685218482109,38699,161869338,460,1879701,86679605
f8686b41f44f,28f40919fc72,18,1685218653462,38699,161869341,460,1879701,86679605
f8686b41f44f,28f40919fc72,36,1685218653504,38699,161869341,460,1879701,86679605
f8686b41f44f,28f40919fc72,14,1685218656764,38699,116456676,460,1879701,86679605
f8686b41f44f,28f40919fc72,20,1685218666719,38699,116456676,460,1879701,86679605
f8686b41f44f,28f40919fc72,18,1685218669217,38699,161481504,460,1879701,86679605
f8686b41f44f,28f40919fc72,39,1685218669290,38699,161481504,460,1879701,86679605
f8686b41f44f,28f40919fc72,2,1685218758164,38699,161869341,460,1879701,86679605
f8686b41f44f,28f40919fc72,18,1685218758170,38699,161869341,460,1879701,86679605
f8686b41f44f,28f40919fc72,36,1685218758210,38699,161869341,460,1879701,86679605
f8686b41f44f,28f40919fc72,39,1685218758234,38699,161869341,460,1879701,86679605
f8686b41f44f,28f40919fc72,20,1685218778023,38699,116456676,460,1879701,86679605
f8686b41f44f,28f40919fc72,4,1685218788784,38699,116456671,460,1879701,86679605
f8686b41f44f,28f40919fc72,2,1685218789364,38699,116456671,460,1879701,86679605
f8686b41f44f,28f40919fc72,14,1685218790125,38699,161481504,460,1879701,86679605
f8686b41f44f,28f40919fc72,39,1685218790137,38699,161481504,460,1879701,86679605
f8686b41f44f,28f40919fc72,20,1685218800059,38699,161481504,460,1879701,86679605
f8686b41f44f,28f40919fc72,18,1685218800477,38699,161481504,460,1879701,86679605
f8686b41f44f,28f40919fc72,36,1685218800505,38699,161481504,460,1879701,86679605
f8686b41f44f,28f40919fc72,39,1685218800545,38699,161481504,460,1879701,86679605
f8686b41f44f,28f40919fc72,20,1685218810449,38699,161481504,460,1879701,86679605
f8686b41f44f,28f40919fc72,4,1685218818788,38699,161869338,460,1879701,86679605
f8686b41f44f,28f40919fc72,2,1685218821340,38699,161869338,460,1879701,86679605
f8686b41f44f,28f40919fc72,18,1685218821342,38699,161869338,460,1879701,86679605
f8686b41f44f,28f40919fc72,36,1685218821370,38699,161869338,460,1879701,86679605
f8686b41f44f,28f40919fc72,39,1685218821395,38699,161869338,460,1879701,86679605
f8686b41f44f,28f40919fc72,14,1685218824155,38699,161481504,460,1879701,86679605
f8686b41f44f,28f40919fc72,39,1685218824166,38699,161481504,460,1879701,86679605
f8686b41f44f,28f40919fc72,4,1685218879261,38699,161869341,460,1879701,86679605
f8686b41f44f,28f40919fc72,2,1685218881534,38699,161869341,460,1879701,86679605
f8686b41f44f,28f40919fc72,36,1685218881589,38699,161869341,460,1879701,86679605
f8686b41f44f,28f40919fc72,39,1685218881615,38699,161869341,460,1879701,86679605
f8686b41f44f,28f40919fc72,14,1685218884597,38699,116456676,460,1879701,86679605
f8686b41f44f,28f40919fc72,39,1685218884608,38699,116456676,460,1879701,86679605
f8686b41f44f,28f40919fc72,20,1685218901552,38699,116456676,460,1879701,86679605
f8686b41f44f,28f40919fc72,2,1685218953459,38699,161869341,460,1879701,86679605
f8686b41f44f,28f40919fc72,18,1685218953463,38699,161869341,460,1879701,86679605
f8686b41f44f,28f40919fc72,36,1685218953504,38699,161869341,460,1879701,86679605
f8686b41f44f,28f40919fc72,39,1685218953529,38699,161869341,460,1879701,86679605
f8686b41f44f,28f40919fc72,14,1685218956324,38699,116456676,460,1879701,86679605
f8686b41f44f,28f40919fc72,39,1685218956335,38699,116456676,460,1879701,86679605
f8686b41f44f,28f40919fc72,4,1685219014100,38699,161869338,460,1879701,86679605
f8686b41f44f,28f40919fc72,2,1685219017204,38699,161869338,460,1879701,86679605
f8686b41f44f,28f40919fc72,18,1685219017208,38699,161869338,460,1879701,86679605
f8686b41f44f,28f40919fc72,39,1685219017265,38699,161869338,460,1879701,86679605
f8686b41f44f,28f40919fc72,14,1685219020595,38699,161481504,460,1879701,86679605
f8686b41f44f,28f40919fc72,39,1685219020603,38699,161481504,460,1879701,86679605
f8686b41f44f,28f40919fc72,18,1685219033101,38699,161869341,460,1879701,86679605
f8686b41f44f,28f40919fc72,36,1685219033144,38699,161869341,460,1879701,86679605
f8686b41f44f,28f40919fc72,39,1685219033169,38699,161869341,460,1879701,86679605
f8686b41f44f,28f40919fc72,14,1685219035444,38699,116456676,460,1879701,86679605
f8686b41f44f,28f40919fc72,39,1685219035454,38699,116456676,460,1879701,86679605
f8686b41f44f,28f40919fc72,20,1685219045397,38699,116456676,460,1879701,86679605
f8686b41f44f,28f40919fc72,4,1685219124551,38699,161869338,460,1879701,86679605
f8686b41f44f,28f40919fc72,2,1685219127274,38699,161869338,460,1879701,86679605
f8686b41f44f,28f40919fc72,36,1685219127305,38699,161869338,460,1879701,86679605
f8686b41f44f,28f40919fc72,20,1685219137167,38699,161869338,460,1879701,86679605
f8686b41f44f,28f40919fc72,2,1685219250479,38699,161869338,460,1879701,86679605
f8686b41f44f,28f40919fc72,18,1685219250484,38699,161869338,460,1879701,86679605
f8686b41f44f,28f40919fc72,39,1685219250540,38699,161869338,460,1879701,86679605
f8686b41f44f,28f40919fc72,14,1685219253355,38699,161481504,460,1879701,86679605
f8686b41f44f,28f40919fc72,20,1685219263227,38699,161481504,460,1879701,86679605
f8686b41f44f,28f40919fc72,4,1685219526761,38699,161869338,460,1879701,86679605
f8686b41f44f,28f40919fc72,2,1685219527924,38699,161869338,460,1879701,86679605
f8686b41f44f,28f40919fc72,18,1685219527927,38699,161869338,460,1879701,86679605
f8686b41f44f,28f40919fc72,36,1685219527954,38699,161869338,460,1879701,86679605
f8686b41f44f,28f40919fc72,39,1685219527979,38699,161869338,460,1879701,86679605
f8686b41f44f,28f40919fc72,14,1685219537910,38699,161481504,460,1879701,86679605
f8686b41f44f,28f40919fc72,39,1685219537920,38699,161481504,460,1879701,86679605
f8686b41f44f,28f40919fc72,2,1685219552484,38699,161869341,460,1879701,86679605
f8686b41f44f,28f40919fc72,18,1685219552488,38699,161869341,460,1879701,86679605
f8686b41f44f,28f40919fc72,39,1685219552584,38699,161869341,460,1879701,86679605
f8686b41f44f,28f40919fc72,14,1685219553728,38699,116456676,460,1879701,86679605
f8686b41f44f,28f40919fc72,39,1685219553740,38699,116456676,460,1879701,86679605
f8686b41f44f,28f40919fc72,18,1685219643116,38699,161869341,460,1879701,86679605
f8686b41f44f,28f40919fc72,39,1685219643195,38699,161869341,460,1879701,86679605
f8686b41f44f,28f40919fc72,14,1685219646075,38699,116456666,460,1879701,86679605
f8686b41f44f,28f40919fc72,39,1685219646086,38699,116456666,460,1879701,86679605
f8686b41f44f,28f40919fc72,20,1685219655949,38699,116456666,460,1879701,86679605
f8686b41f44f,28f40919fc72,2,1685219831484,38699,161869341,460,1879701,86679605
f8686b41f44f,28f40919fc72,36,1685219831529,38699,161869341,460,1879701,86679605
f8686b41f44f,28f40919fc72,39,1685219831554,38699,161869341,460,1879701,86679605
f8686b41f44f,28f40919fc72,39,1685219833483,38699,116456676,460,1879701,86679605
f8686b41f44f,28f40919fc72,4,1685219853310,38699,161869341,460,1879701,86679605
f8686b41f44f,28f40919fc72,2,1685219853414,38699,161869341,460,1879701,86679605
f8686b41f44f,28f40919fc72,18,1685219853417,38699,161869341,460,1879701,86679605
f8686b41f44f,28f40919fc72,39,1685219853494,38699,161869341,460,1879701,86679605
f8686b41f44f,28f40919fc72,14,1685219855405,38699,161481504,460,1879701,86679605
f8686b41f44f,28f40919fc72,39,1685219855416,38699,161481504,460,1879701,86679605
f8686b41f44f,28f40919fc72,20,1685219865280,38699,161481504,460,1879701,86679605
f8686b41f44f,28f40919fc72,2,1685219995139,38699,161869341,460,1879701,86679605
f8686b41f44f,28f40919fc72,18,1685219995142,38699,161869341,460,1879701,86679605
f8686b41f44f,28f40919fc72,36,1685219995184,38699,161869341,460,1879701,86679605
f8686b41f44f,28f40919fc72,39,1685219995209,38699,161869341,460,1879701,86679605
f8686b41f44f,28f40919fc72,14,1685219998403,38699,116456676,460,1879701,86679605
f8686b41f44f,28f40919fc72,39,1685219998413,38699,116456676,460,1879701,86679605
f8686b41f44f,28f40919fc72,20,1685220008356,38699,116456676,460,1879701,86679605
f8686b41f44f,28f40919fc72,2,1685220153409,38699,161869341,460,1879701,86679605
f8686b41f44f,28f40919fc72,18,1685220153413,38699,161869341,460,1879701,86679605
f8686b41f44f,28f40919fc72,36,1685220153454,38699,161869341,460,1879701,86679605
f8686b41f44f,28f40919fc72,39,1685220156176,38699,116456666,460,1879701,86679605
f8686b41f44f,28f40919fc72,20,1685220166065,38699,116456666,460,1879701,86679605
f8686b41f44f,28f40919fc72,4,1685220731618,38699,161869341,460,1879701,86679605
f8686b41f44f,28f40919fc72,2,1685220734964,38699,161869341,460,1879701,86679605
f8686b41f44f,28f40919fc72,18,1685220734969,38699,161869341,460,1879701,86679605
f8686b41f44f,28f40919fc72,39,1685220735034,38699,161869341,460,1879701,86679605
f8686b41f44f,28f40919fc72,14,1685220737305,38699,116456666,460,1879701,86679605
f8686b41f44f,28f40919fc72,20,1685220747251,38699,116456666,460,1879701,86679605
f8686b41f44f,28f40919fc72,4,1685221083497,38699,161869341,460,1879701,86679605
f8686b41f44f,28f40919fc72,39,1685221084484,38699,161869341,460,1879701,86679605
f8686b41f44f,28f40919fc72,14,1685221087018,38699,116456676,460,1879701,86679605
f8686b41f44f,28f40919fc72,39,1685221087030,38699,116456676,460,1879701,86679605
f8686b41f44f,28f40919fc72,20,1685221096974,38699,116456676,460,1879701,86679605
f8686b41f44f,28f40919fc72,4,1685222524543,38699,161869341,460,1879701,86679605
f8686b41f44f,28f40919fc72,18,1685222525683,38699,161869341,460,1879701,86679605
f8686b41f44f,28f40919fc72,36,1685222525734,38699,161869341,460,1879701,86679605
f8686b41f44f,28f40919fc72,39,1685222525758,38699,161869341,460,1879701,86679605
f8686b41f44f,28f40919fc72,39,1685222527574,38699,116456676,460,1879701,86679605
f8686b41f44f,28f40919fc72,2,1685222643429,38699,161869341,460,1879701,86679605
f8686b41f44f,28f40919fc72,18,1685222643432,38699,161869341,460,1879701,86679605
f8686b41f44f,28f40919fc72,36,1685222643473,38699,161869341,460,1879701,86679605
f8686b41f44f,28f40919fc72,39,1685222643498,38699,161869341,460,1879701,86679605
f8686b41f44f,28f40919fc72,14,1685222645322,38699,116456676,460,1879701,86679605
f8686b41f44f,28f40919fc72,39,1685222645332,38699,116456676,460,1879701,86679605
f8686b41f44f,28f40919fc72,20,1685222655276,38699,116456676,460,1879701,86679605
f8686b41f44f,28f40919fc72,2,1685223027468,38699,161869341,460,1879701,86679605
f8686b41f44f,28f40919fc72,18,1685223027470,38699,161869341,460,1879701,86679605
f8686b41f44f,28f40919fc72,14,1685223028984,38699,116456666,460,1879701,86679605
f8686b41f44f,28f40919fc72,39,1685223028998,38699,116456666,460,1879701,86679605
f8686b41f44f,28f40919fc72,20,1685223038860,38699,116456666,460,1879701,86679605
f8686b41f44f,28f40919fc72,4,1685224083533,38699,116456666,460,1879701,86679605
f8686b41f44f,28f40919fc72,2,1685224084689,38699,116456666,460,1879701,86679605
f8686b41f44f,28f40919fc72,36,1685224084719,38699,116456666,460,1879701,86679605
f8686b41f44f,28f40919fc72,39,1685224084751,38699,116456666,460,1879701,86679605
f8686b41f44f,28f40919fc72,20,1685224094660,38699,116456666,460,1879701,86679605
f8686b41f44f,28f40919fc72,4,1685225524536,38699,161869341,460,1879701,86679605
f8686b41f44f,28f40919fc72,18,1685225524706,38699,161869341,460,1879701,86679605
f8686b41f44f,28f40919fc72,39,1685225524782,38699,161869341,460,1879701,86679605
f8686b41f44f,28f40919fc72,14,1685225527576,38699,116456676,460,1879701,86679605
f8686b41f44f,28f40919fc72,39,1685225527586,38699,116456676,460,1879701,86679605
f8686b41f44f,28f40919fc72,2,1685225643787,38699,161869341,460,1879701,86679605
f8686b41f44f,28f40919fc72,18,1685225643791,38699,161869341,460,1879701,86679605
f8686b41f44f,28f40919fc72,36,1685225643833,38699,161869341,460,1879701,86679605
f8686b41f44f,28f40919fc72,39,1685225643858,38699,161869341,460,1879701,86679605
f8686b41f44f,28f40919fc72,14,1685225646911,38699,116456676,460,1879701,86679605
f8686b41f44f,28f40919fc72,20,1685225656865,38699,116456676,460,1879701,86679605
f8686b41f44f,28f40919fc72,18,1685226059740,38699,161869341,460,1879701,86679605
f8686b41f44f,28f40919fc72,39,1685226059817,38699,161869341,460,1879701,86679605
f8686b41f44f,28f40919fc72,14,1685226062023,38699,116456666,460,1879701,86679605
f8686b41f44f,28f40919fc72,39,1685226062035,38699,116456666,460,1879701,86679605
f8686b41f44f,28f40919fc72,4,1685227084064,38699,161869341,460,1879701,86679605
f8686b41f44f,28f40919fc72,2,1685227085062,38699,161869341,460,1879701,86679605
f8686b41f44f,28f40919fc72,18,1685227085066,38699,161869341,460,1879701,86679605
f8686b41f44f,28f40919fc72,39,1685227085132,38699,161869341,460,1879701,86679605
f8686b41f44f,28f40919fc72,14,1685227087807,38699,116456666,460,1879701,86679605
f8686b41f44f,28f40919fc72,39,1685227087819,38699,116456666,460,1879701,86679605
f8686b41f44f,28f40919fc72,20,1685227097676,38699,116456666,460,1879701,86679605
f8686b41f44f,28f40919fc72,36,1685227128647,38699,161869341,460,1879701,86679605
f8686b41f44f,28f40919fc72,39,1685227128682,38699,161869341,460,1879701,86679605
f8686b41f44f,28f40919fc72,14,1685227131382,38699,116456666,460,1879701,86679605
f8686b41f44f,28f40919fc72,39,1685227131395,38699,116456666,460,1879701,86679605
f8686b41f44f,28f40919fc72,20,1685227180247,38699,116456666,460,1879701,86679605
f8686b41f44f,28f40919fc72,2,1685227192552,38699,161869341,460,1879701,86679605
f8686b41f44f,28f40919fc72,18,1685227192555,38699,161869341,460,1879701,86679605
f8686b41f44f,28f40919fc72,36,1685227192637,38699,161869341,460,1879701,86679605
f8686b41f44f,28f40919fc72,39,1685227192662,38699,161869341,460,1879701,86679605
f8686b41f44f,28f40919fc72,14,1685227195525,38699,116456676,460,1879701,86679605
f8686b41f44f,28f40919fc72,20,1685227220480,38699,116456676,460,1879701,86679605
f8686b41f44f,28f40919fc72,4,1685227273207,38699,161869341,460,1879701,86679605
f8686b41f44f,28f40919fc72,18,1685227275856,38699,161869341,460,1879701,86679605
f8686b41f44f,28f40919fc72,36,1685227275892,38699,161869341,460,1879701,86679605
f8686b41f44f,28f40919fc72,39,1685227275917,38699,161869341,460,1879701,86679605
f8686b41f44f,28f40919fc72,14,1685227278701,38699,116456676,460,1879701,86679605
f8686b41f44f,28f40919fc72,39,1685227278711,38699,116456676,460,1879701,86679605
f8686b41f44f,28f40919fc72,20,1685227294654,38699,116456676,460,1879701,86679605
f8686b41f44f,28f40919fc72,4,1685227320868,38699,161869341,460,1879701,86679605
f8686b41f44f,28f40919fc72,2,1685227323157,38699,161869341,460,1879701,86679605
f8686b41f44f,28f40919fc72,18,1685227323161,38699,161869341,460,1879701,86679605
f8686b41f44f,28f40919fc72,39,1685227323227,38699,161869341,460,1879701,86679605
f8686b41f44f,28f40919fc72,14,1685227325501,38699,116456676,460,1879701,86679605
f8686b41f44f,28f40919fc72,39,1685227325511,38699,116456676,460,1879701,86679605
f8686b41f44f,28f40919fc72,20,1685227335454,38699,116456676,460,1879701,86679605
f8686b41f44f,28f40919fc72,39,1685227447340,38699,161869338,460,1879701,86679605
f8686b41f44f,28f40919fc72,20,1685227461192,38699,161481504,460,1879701,86679605
f8686b41f44f,28f40919fc72,14,1685227535466,38699,116456676,460,1879701,86679605
f8686b41f44f,28f40919fc72,39,1685227535475,38699,116456676,460,1879701,86679605
f8686b41f44f,28f40919fc72,4,1685227576895,38699,161869341,460,1879701,86679605
f8686b41f44f,28f40919fc72,2,1685227579172,38699,161869341,460,1879701,86679605
f8686b41f44f,28f40919fc72,36,1685227579222,38699,161869341,460,1879701,86679605
f8686b41f44f,28f40919fc72,14,1685227580852,38699,116456666,460,1879701,86679605
f8686b41f44f,28f40919fc72,39,1685227580865,38699,116456666,460,1879701,86679605
f8686b41f44f,28f40919fc72,20,1685227590740,38699,116456666,460,1879701,86679605
f8686b41f44f,28f40919fc72,2,1685227653387,38699,161869341,460,1879701,86679605
f8686b41f44f,28f40919fc72,18,1685227653389,38699,161869341,460,1879701,86679605
f8686b41f44f,28f40919fc72,36,1685227653432,38699,161869341,460,1879701,86679605
f8686b41f44f,28f40919fc72,39,1685227653456,38699,161869341,460,1879701,86679605
f8686b41f44f,28f40919fc72,39,1685227656143,38699,116456666,460,1879701,86679605
f8686b41f44f,28f40919fc72,20,1685227665988,38699,116456666,460,1879701,86679605
f8686b41f44f,28f40919fc72,4,1685227713977,38699,161869341,460,1879701,86679605
f8686b41f44f,28f40919fc72,2,1685227717371,38699,161869341,460,1879701,86679605
f8686b41f44f,28f40919fc72,18,1685227717373,38699,161869341,460,1879701,86679605
f8686b41f44f,28f40919fc72,39,1685227717451,38699,161869341,460,1879701,86679605
f8686b41f44f,28f40919fc72,14,1685227720392,38699,116456666,460,1879701,86679605
f8686b41f44f,28f40919fc72,39,1685227720405,38699,116456666,460,1879701,86679605
f8686b41f44f,28f40919fc72,20,1685227730324,38699,116456666,460,1879701,86679605
f8686b41f44f,28f40919fc72,4,1685227730495,38699,116456666,460,1879701,86679605
f8686b41f44f,28f40919fc72,2,1685227731407,38699,116456666,460,1879701,86679605
f8686b41f44f,28f40919fc72,18,1685227731410,38699,116456666,460,1879701,86679605
f8686b41f44f,28f40919fc72,36,1685227731437,38699,116456666,460,1879701,86679605
f8686b41f44f,28f40919fc72,39,1685227731472,38699,116456666,460,1879701,86679605
f8686b41f44f,28f40919fc72,20,1685227741304,38699,116456666,460,1879701,86679605
f8686b41f44f,28f40919fc72,2,1685227749371,38699,161869341,460,1879701,86679605
f8686b41f44f,28f40919fc72,39,1685227749441,38699,161869341,460,1879701,86679605
f8686b41f44f,28f40919fc72,14,1685227751392,38699,116456666,460,1879701,86679605
f8686b41f44f,28f40919fc72,39,1685227751403,38699,116456666,460,1879701,86679605
f8686b41f44f,28f40919fc72,18,1685227944925,38699,161869341,460,1879701,86679605
f8686b41f44f,28f40919fc72,36,1685227944971,38699,161869341,460,1879701,86679605
f8686b41f44f,28f40919fc72,39,1685227945001,38699,161869341,460,1879701,86679605
f8686b41f44f,28f40919fc72,14,1685227946305,38699,116456676,460,1879701,86679605
f8686b41f44f,28f40919fc72,20,1685227965259,38699,116456676,460,1879701,86679605
f8686b41f44f,28f40919fc72,4,1685228083891,38699,161481504,460,1879701,86679605
f8686b41f44f,28f40919fc72,4,1685228095893,38699,161481504,460,1879701,86679605
f8686b41f44f,28f40919fc72,2,1685228096254,38699,161481504,460,1879701,86679605
f8686b41f44f,28f40919fc72,36,1685228096288,38699,161481504,460,1879701,86679605
f8686b41f44f,28f40919fc72,20,1685228106153,38699,161481504,460,1879701,86679605
f8686b41f44f,28f40919fc72,4,1685228107039,38699,161481504,460,1879701,86679605
f8686b41f44f,28f40919fc72,2,1685228107772,38699,161481504,460,1879701,86679605
f8686b41f44f,28f40919fc72,18,1685228107775,38699,161481504,460,1879701,86679605
f8686b41f44f,28f40919fc72,39,1685228107846,38699,161481504,460,1879701,86679605
f8686b41f44f,28f40919fc72,20,1685228117729,38699,161481504,460,1879701,86679605
f8686b41f44f,28f40919fc72,4,1685228253496,38699,161481504,460,1879701,86679605
f8686b41f44f,28f40919fc72,18,1685228253697,38699,161481504,460,1879701,86679605
f8686b41f44f,28f40919fc72,36,1685228253727,38699,161481504,460,1879701,86679605
f8686b41f44f,28f40919fc72,39,1685228253768,38699,161481504,460,1879701,86679605
f8686b41f44f,28f40919fc72,2,1685228267728,38699,161481504,460,1879701,86679605
f8686b41f44f,28f40919fc72,18,1685228267731,38699,161481504,460,1879701,86679605
f8686b41f44f,28f40919fc72,39,1685228267809,38699,161481504,460,1879701,86679605
f8686b41f44f,28f40919fc72,4,1685228279605,38699,161869341,460,1879701,86679605
f8686b41f44f,28f40919fc72,2,1685228281836,38699,161869341,460,1879701,86679605
f8686b41f44f,28f40919fc72,18,1685228281839,38699,161869341,460,1879701,86679605
f8686b41f44f,28f40919fc72,36,1685228281891,38699,161869341,460,1879701,86679605
f8686b41f44f,28f40919fc72,14,1685228284172,38699,116456666,460,1879701,86679605
f8686b41f44f,28f40919fc72,39,1685228284186,38699,116456666,460,1879701,86679605
f8686b41f44f,28f40919fc72,4,1685228314677,38699,161869341,460,1879701,86679605
f8686b41f44f,28f40919fc72,2,1685228317701,38699,161869341,460,1879701,86679605
f8686b41f44f,28f40919fc72,18,1685228317704,38699,161869341,460,1879701,86679605
f8686b41f44f,28f40919fc72,36,1685228317761,38699,161869341,460,1879701,86679605
f8686b41f44f,28f40919fc72,39,1685228317801,38699,161869341,460,1879701,86679605
f8686b41f44f,28f40919fc72,39,1685228319231,38699,116456676,460,1879701,86679605
f8686b41f44f,28f40919fc72,2,1685228341716,38699,116456671,460,1879701,86679605
f8686b41f44f,28f40919fc72,18,1685228341722,38699,116456671,460,1879701,86679605
f8686b41f44f,28f40919fc72,36,1685228341747,38699,116456671,460,1879701,86679605
f8686b41f44f,28f40919fc72,14,1685228342192,38699,161481504,460,1879701,86679605
f8686b41f44f,28f40919fc72,39,1685228342201,38699,161481504,460,1879701,86679605
f8686b41f44f,28f40919fc72,2,1685228367971,38699,161481504,460,1879701,86679605
f8686b41f44f,28f40919fc72,18,1685228367975,38699,161481504,460,1879701,86679605
f8686b41f44f,28f40919fc72,36,1685228368001,38699,161481504,460,1879701,86679605
f8686b41f44f,28f40919fc72,39,1685228368042,38699,161481504,460,1879701,86679605
f8686b41f44f,28f40919fc72,4,1685228402467,38699,161869341,460,1879701,86679605
f8686b41f44f,28f40919fc72,18,1685228404769,38699,161869341,460,1879701,86679605
f8686b41f44f,28f40919fc72,36,1685228404811,38699,161869341,460,1879701,86679605
f8686b41f44f,28f40919fc72,39,1685228404836,38699,161869341,460,1879701,86679605
f8686b41f44f,28f40919fc72,14,1685228408130,38699,116456676,460,1879701,86679605
f8686b41f44f,28f40919fc72,39,1685228408139,38699,116456676,460,1879701,86679605
f8686b41f44f,28f40919fc72,20,1685228428084,38699,116456676,460,1879701,86679605
f8686b41f44f,28f40919fc72,4,1685228428220,38699,116456676,460,1879701,86679605
f8686b41f44f,28f40919fc72,2,1685228429001,38699,116456676,460,1879701,86679605
f8686b41f44f,28f40919fc72,18,1685228429003,38699,116456676,460,1879701,86679605
f8686b41f44f,28f40919fc72,36,1685228429024,38699,116456676,460,1879701,86679605
f8686b41f44f,28f40919fc72,39,1685228429048,38699,116456676,460,1879701,86679605
f8686b41f44f,28f40919fc72,4,1685228463084,38699,161869341,460,1879701,86679605
f8686b41f44f,28f40919fc72,2,1685228466181,38699,161869341,460,1879701,86679605
f8686b41f44f,28f40919fc72,18,1685228466183,38699,161869341,460,1879701,86679605
f8686b41f44f,28f40919fc72,36,1685228466246,38699,161869341,460,1879701,86679605
f8686b41f44f,28f40919fc72,14,1685228467875,38699,116456676,460,1879701,86679605
f8686b41f44f,28f40919fc72,39,1685228467885,38699,116456676,460,1879701,86679605
f8686b41f44f,28f40919fc72,20,1685228477828,38699,116456676,460,1879701,86679605
f8686b41f44f,28f40919fc72,2,1685228526326,38699,161869338,460,1879701,86679605
f8686b41f44f,28f40919fc72,18,1685228526329,38699,161869338,460,1879701,86679605
f8686b41f44f,28f40919fc72,36,1685228526356,38699,161869338,460,1879701,86679605
f8686b41f44f,28f40919fc72,39,1685228526391,38699,161869338,460,1879701,86679605
f8686b41f44f,28f40919fc72,14,1685228532592,38699,161481504,460,1879701,86679605
f8686b41f44f,28f40919fc72,39,1685228532603,38699,161481504,460,1879701,86679605
f8686b41f44f,28f40919fc72,20,1685228542528,38699,161481504,460,1879701,86679605
f8686b41f44f,28f40919fc72,2,1685228553356,38699,161869341,460,1879701,86679605
f8686b41f44f,28f40919fc72,18,1685228553359,38699,161869341,460,1879701,86679605
f8686b41f44f,28f40919fc72,36,1685228553401,38699,161869341,460,1879701,86679605
f8686b41f44f,28f40919fc72,39,1685228556083,38699,116456666,460,1879701,86679605
f8686b41f44f,28f40919fc72,20,1685228566006,38699,116456666,460,1879701,86679605
f8686b41f44f,28f40919fc72,18,1685228585210,38699,161869341,460,1879701,86679605
f8686b41f44f,28f40919fc72,39,1685228585301,38699,161869341,460,1879701,86679605
f8686b41f44f,28f40919fc72,39,1685228587834,38699,116456676,460,1879701,86679605
f8686b41f44f,28f40919fc72,14,1685228645680,38699,116456676,460,1879701,86679605
f8686b41f44f,28f40919fc72,39,1685228645691,38699,116456676,460,1879701,86679605
f8686b41f44f,28f40919fc72,20,1685228663630,38699,116456676,460,1879701,86679605
f8686b41f44f,28f40919fc72,4,1685228745048,38699,161869341,460,1879701,86679605
f8686b41f44f,28f40919fc72,4,1685228759038,38699,161869341,460,1879701,86679605
f8686b41f44f,28f40919fc72,2,1685228759426,38699,161869341,460,1879701,86679605
f8686b41f44f,28f40919fc72,36,1685228759466,38699,161869341,460,1879701,86679605
f8686b41f44f,28f40919fc72,39,1685228759496,38699,161869341,460,1879701,86679605
f8686b41f44f,28f40919fc72,14,1685228762090,38699,116456676,460,1879701,86679605
f8686b41f44f,28f40919fc72,39,1685228762103,38699,116456676,460,1879701,86679605
f8686b41f44f,28f40919fc72,20,1685228777045,38699,116456676,460,1879701,86679605
f8686b41f44f,28f40919fc72,18,1685228952292,38699,116456671,460,1879701,86679605
f8686b41f44f,28f40919fc72,36,1685228952321,38699,116456671,460,1879701,86679605
f8686b41f44f,28f40919fc72,39,1685228952351,38699,116456671,460,1879701,86679605
f8686b41f44f,28f40919fc72,14,1685228954401,38699,161481504,460,1879701,86679605
f8686b41f44f,28f40919fc72,39,1685228954410,38699,161481504,460,1879701,86679605
f8686b41f44f,28f40919fc72,20,1685228964346,38699,161481504,460,1879701,86679605
f8686b41f44f,28f40919fc72,4,1685228967547,38699,161481504,460,1879701,86679605
f8686b41f44f,28f40919fc72,2,1685228967939,38699,161481504,460,1879701,86679605
f8686b41f44f,28f40919fc72,18,1685228967942,38699,161481504,460,1879701,86679605
f8686b41f44f,28f40919fc72,36,1685228967973,38699,161481504,460,1879701,86679605
f8686b41f44f,28f40919fc72,39,1685228968019,38699,161481504,460,1879701,86679605
f8686b41f44f,28f40919fc72,20,1685228990873,38699,161481504,460,1879701,86679605
f8686b41f44f,28f40919fc72,4,1685229045215,38699,116411099,460,1879701,86679605
f8686b41f44f,28f40919fc72,2,1685229048561,38699,116411099,460,1879701,86679605
f8686b41f44f,28f40919fc72,18,1685229048564,38699,116411099,460,1879701,86679605
f8686b41f44f,28f40919fc72,36,1685229048591,38699,116411099,460,1879701,86679605
f8686b41f44f,28f40919fc72,39,1685229048615,38699,116411099,460,1879701,86679605
f8686b41f44f,28f40919fc72,14,1685229049040,38699,161869341,460,1879701,86679605
f8686b41f44f,28f40919fc72,14,1685229052050,38699,116456676,460,1879701,86679605
f8686b41f44f,28f40919fc72,20,1685229062004,38699,116456676,460,1879701,86679605
f8686b41f44f,28f40919fc72,4,1685229085707,38699,161869341,460,1879701,86679605
f8686b41f44f,28f40919fc72,2,1685229088341,38699,161869341,460,1879701,86679605
f8686b41f44f,28f40919fc72,18,1685229088345,38699,161869341,460,1879701,86679605
f8686b41f44f,28f40919fc72,36,1685229088381,38699,161869341,460,1879701,86679605
f8686b41f44f,28f40919fc72,39,1685229088406,38699,161869341,460,1879701,86679605
f8686b41f44f,28f40919fc72,39,1685229091612,38699,116456676,460,1879701,86679605
f8686b41f44f,28f40919fc72,20,1685229101533,38699,116456676,460,1879701,86679605
f8686b41f44f,28f40919fc72,4,1685229163543,38699,116456671,460,1879701,86679605
f8686b41f44f,28f40919fc72,2,1685229163768,38699,116456671,460,1879701,86679605
f8686b41f44f,28f40919fc72,18,1685229163770,38699,116456671,460,1879701,86679605
f8686b41f44f,28f40919fc72,36,1685229163802,38699,116456671,460,1879701,86679605
f8686b41f44f,28f40919fc72,39,1685229163825,38699,116456671,460,1879701,86679605
f8686b41f44f,28f40919fc72,20,1685229175684,38699,116456671,460,1879701,86679605
f8686b41f44f,28f40919fc72,4,1685229193737,38699,116456671,460,1879701,86679605
f8686b41f44f,28f40919fc72,2,1685229194480,38699,116456671,460,1879701,86679605
f8686b41f44f,28f40919fc72,18,1685229194483,38699,116456671,460,1879701,86679605
f8686b41f44f,28f40919fc72,36,1685229194511,38699,116456671,460,1879701,86679605
f8686b41f44f,28f40919fc72,20,1685229204451,38699,116456671,460,1879701,86679605
f8686b41f44f,28f40919fc72,2,1685229253260,38699,116456671,460,1879701,86679605
f8686b41f44f,28f40919fc72,18,1685229253264,38699,116456671,460,1879701,86679605
f8686b41f44f,28f40919fc72,36,1685229253286,38699,116456671,460,1879701,86679605
f8686b41f44f,28f40919fc72,14,1685229265133,38699,161481504,460,1879701,86679605
f8686b41f44f,28f40919fc72,39,1685229265144,38699,161481504,460,1879701,86679605
f8686b41f44f,28f40919fc72,20,1685229275041,38699,161481504,460,1879701,86679605
f8686b41f44f,28f40919fc72,4,1685229313759,38699,161869341,460,1879701,86679605
f8686b41f44f,28f40919fc72,2,1685229316100,38699,161869341,460,1879701,86679605
f8686b41f44f,28f40919fc72,36,1685229316195,38699,161869341,460,1879701,86679605
f8686b41f44f,28f40919fc72,14,1685229319029,38699,116456676,460,1879701,86679605
f8686b41f44f,28f40919fc72,20,1685229328984,38699,116456676,460,1879701,86679605
f8686b41f44f,28f40919fc72,2,1685229459430,38699,116411099,460,1879701,86679605
f8686b41f44f,28f40919fc72,18,1685229459433,38699,116411099,460,1879701,86679605
f8686b41f44f,28f40919fc72,39,1685229459490,38699,116411099,460,1879701,86679605
f8686b41f44f,28f40919fc72,14,1685229459930,38699,161869341,460,1879701,86679605
f8686b41f44f,28f40919fc72,2,1685229553265,38699,161869341,460,1879701,86679605
f8686b41f44f,28f40919fc72,18,1685229553269,38699,161869341,460,1879701,86679605
f8686b41f44f,28f40919fc72,36,1685229553330,38699,161869341,460,1879701,86679605
f8686b41f44f,28f40919fc72,14,1685229555159,38699,116456676,460,1879701,86679605
f8686b41f44f,28f40919fc72,39,1685229555170,38699,116456676,460,1879701,86679605
f8686b41f44f,28f40919fc72,20,1685229565112,38699,116456676,460,1879701,86679605
f8686b41f44f,28f40919fc72,4,1685229689660,38699,161869341,460,1879701,86679605
f8686b41f44f,28f40919fc72,4,1685229703657,38699,161869341,460,1879701,86679605
f8686b41f44f,28f40919fc72,2,1685229703920,38699,161869341,460,1879701,86679605
f8686b41f44f,28f40919fc72,18,1685229703924,38699,161869341,460,1879701,86679605
f8686b41f44f,28f40919fc72,36,1685229703975,38699,161869341,460,1879701,86679605
f8686b41f44f,28f40919fc72,39,1685229704001,38699,161869341,460,1879701,86679605
f8686b41f44f,28f40919fc72,39,1685229707023,38699,116456676,460,1879701,86679605
f8686b41f44f,28f40919fc72,20,1685229716968,38699,116456676,460,1879701,86679605
f8686b41f44f,28f40919fc72,2,1685229719980,38699,116456671,460,1879701,86679605
f8686b41f44f,28f40919fc72,18,1685229719983,38699,116456671,460,1879701,86679605
f8686b41f44f,28f40919fc72,20,1685229731884,38699,116456671,460,1879701,86679605
f8686b41f44f,28f40919fc72,2,1685229750003,38699,116456671,460,1879701,86679605
f8686b41f44f,28f40919fc72,36,1685229750026,38699,116456671,460,1879701,86679605
f8686b41f44f,28f40919fc72,39,1685229750050,38699,116456671,460,1879701,86679605
f8686b41f44f,28f40919fc72,18,1685229853244,38699,116456671,460,1879701,86679605
f8686b41f44f,28f40919fc72,36,1685229853270,38699,116456671,460,1879701,86679605
f8686b41f44f,28f40919fc72,39,1685229853295,38699,116456671,460,1879701,86679605
f8686b41f44f,28f40919fc72,20,1685229866176,38699,116456671,460,1879701,86679605
f8686b41f44f,28f40919fc72,4,1685229913702,38699,116456671,460,1879701,86679605
f8686b41f44f,28f40919fc72,2,1685229913850,38699,116456671,460,1879701,86679605
f8686b41f44f,28f40919fc72,18,1685229913854,38699,116456671,460,1879701,86679605
f8686b41f44f,28f40919fc72,36,1685229913880,38699,116456671,460,1879701,86679605
f8686b41f44f,28f40919fc72,20,1685229923773,38699,116456671,460,1879701,86679605
f8686b41f44f,28f40919fc72,2,1685229929041,38699,161481504,460,1879701,86679605
f8686b41f44f,28f40919fc72,39,1685229929110,38699,161481504,460,1879701,86679605
f8686b41f44f,28f40919fc72,20,1685229938982,38699,161481504,460,1879701,86679605
f8686b41f44f,28f40919fc72,2,1685230085350,38699,116456671,460,1879701,86679605
f8686b41f44f,28f40919fc72,18,1685230085353,38699,116456671,460,1879701,86679605
f8686b41f44f,28f40919fc72,36,1685230085380,38699,116456671,460,1879701,86679605
f8686b41f44f,28f40919fc72,39,1685230085410,38699,116456671,460,1879701,86679605
f8686b41f44f,28f40919fc72,14,1685230092123,38699,161481504,460,1879701,86679605
f8686b41f44f,28f40919fc72,39,1685230092136,38699,161481504,460,1879701,86679605
f8686b41f44f,28f40919fc72,20,1685230102060,38699,161481504,460,1879701,86679605
f8686b41f44f,28f40919fc72,2,1685230152260,38699,116456676,460,1879701,86679605
f8686b41f44f,28f40919fc72,18,1685230152263,38699,116456676,460,1879701,86679605
f8686b41f44f,28f40919fc72,36,1685230152288,38699,116456676,460,1879701,86679605
f8686b41f44f,28f40919fc72,39,1685230152308,38699,116456676,460,1879701,86679605
f8686b41f44f,28f40919fc72,20,1685230162255,38699,116456676,460,1879701,86679605
f8686b41f44f,28f40919fc72,2,1685230292265,38699,161869338,460,1879701,86679605
f8686b41f44f,28f40919fc72,18,1685230292268,38699,161869338,460,1879701,86679605
f8686b41f44f,28f40919fc72,36,1685230292300,38699,161869338,460,1879701,86679605
f8686b41f44f,28f40919fc72,39,1685230292330,38699,161869338,460,1879701,86679605
f8686b41f44f,28f40919fc72,14,1685230295220,38699,116456671,460,1879701,86679605
f8686b41f44f,28f40919fc72,39,1685230295231,38699,116456671,460,1879701,86679605
f8686b41f44f,28f40919fc72,14,1685230295631,38699,161481504,460,1879701,86679605
f8686b41f44f,28f40919fc72,39,1685230295648,38699,161481504,460,1879701,86679605
f8686b41f44f,28f40919fc72,14,1685230414480,38699,161869341,460,1879701,86679605
f8686b41f44f,28f40919fc72,39,1685230414489,38699,161869341,460,1879701,86679605
f8686b41f44f,28f40919fc72,14,1685230414880,38699,116411099,460,1879701,86679605
f8686b41f44f,28f40919fc72,39,1685230414888,38699,116411099,460,1879701,86679605
f8686b41f44f,28f40919fc72,14,1685230431440,38699,161869341,460,1879701,86679605
f8686b41f44f,28f40919fc72,39,1685230431449,38699,161869341,460,1879701,86679605
f8686b41f44f,28f40919fc72,14,1685230433181,38699,116456666,460,1879701,86679605
f8686b41f44f,28f40919fc72,39,1685230433193,38699,116456666,460,1879701,86679605
f8686b41f44f,28f40919fc72,14,1685231516280,38699,161869338,460,1879701,86679605
f8686b41f44f,28f40919fc72,39,1685231516288,38699,161869338,460,1879701,86679605
f8686b41f44f,28f40919fc72,14,1685231517779,38699,116456676,460,1879701,86679605
f8686b41f44f,28f40919fc72,39,1685231517795,38699,116456676,460,1879701,86679605
f8686b41f44f,28f40919fc72,20,1685231536726,38699,116456676,460,1879701,86679605
f8686b41f44f,28f40919fc72,4,1685231546378,38699,116456676,460,1879701,86679605
f8686b41f44f,28f40919fc72,2,1685231547110,38699,116456676,460,1879701,86679605
f8686b41f44f,28f40919fc72,18,1685231547113,38699,116456676,460,1879701,86679605
f8686b41f44f,28f40919fc72,20,1685231564096,38699,116456676,460,1879701,86679605
f8686b41f44f,28f40919fc72,4,1685231595659,38699,116456676,460,1879701,86679605
f8686b41f44f,28f40919fc72,2,1685231595749,38699,116456676,460,1879701,86679605
f8686b41f44f,28f40919fc72,36,1685231595778,38699,116456676,460,1879701,86679605
f8686b41f44f,28f40919fc72,39,1685231595806,38699,116456676,460,1879701,86679605
f8686b41f44f,28f40919fc72,20,1685231605736,38699,116456676,460,1879701,86679605
f8686b41f44f,28f40919fc72,2,1685231639269,38699,116456676,460,1879701,86679605
f8686b41f44f,28f40919fc72,18,1685231639272,38699,116456676,460,1879701,86679605
f8686b41f44f,28f40919fc72,36,1685231639295,38699,116456676,460,1879701,86679605
f8686b41f44f,28f40919fc72,39,1685231639319,38699,116456676,460,1879701,86679605
f8686b41f44f,28f40919fc72,14,1685231641037,38699,161481501,460,1879701,86679605
f8686b41f44f,28f40919fc72,39,1685231641052,38699,161481501,460,1879701,86679605
f8686b41f44f,28f40919fc72,39,1685231643268,38699,161481504,460,1879701,86679605
f8686b41f44f,28f40919fc72,20,1685231664208,38699,161481504,460,1879701,86679605
f8686b41f44f,28f40919fc72,2,1685231665638,38699,161481504,460,1879701,86679605
f8686b41f44f,28f40919fc72,18,1685231665643,38699,161481504,460,1879701,86679605
f8686b41f44f,28f40919fc72,36,1685231665667,38699,161481504,460,1879701,86679605
f8686b41f44f,28f40919fc72,39,1685231665715,38699,161481504,460,1879701,86679605
f8686b41f44f,28f40919fc72,20,1685231675583,38699,161481504,460,1879701,86679605
f8686b41f44f,28f40919fc72,2,1685231676002,38699,161481504,460,1879701,86679605
f8686b41f44f,28f40919fc72,18,1685231676004,38699,161481504,460,1879701,86679605
f8686b41f44f,28f40919fc72,36,1685231676031,38699,161481504,460,1879701,86679605
f8686b41f44f,28f40919fc72,2,1685231709660,38699,161869338,460,1879701,86679605
f8686b41f44f,28f40919fc72,18,1685231709663,38699,161869338,460,1879701,86679605
f8686b41f44f,28f40919fc72,36,1685231709690,38699,161869338,460,1879701,86679605
f8686b41f44f,28f40919fc72,39,1685231709730,38699,161869338,460,1879701,86679605
f8686b41f44f,28f40919fc72,13,1685231761888,38699,161869338,460,1879701,86679605
f8686b41f44f,28f40919fc72,34,1685231761888,38699,161869338,460,1879701,86679605
f8686b41f44f,28f40919fc72,34,1685231763279,38699,161869338,460,1879701,86679605
f8686b41f44f,28f40919fc72,35,1685231763502,38699,161869338,460,1879701,86679605
f8686b41f44f,28f40919fc72,12,1685231763502,38699,161869338,460,1879701,86679605
f8686b41f44f,28f40919fc72,11,1685231772020,38699,161869338,460,1879701,86679605
f8686b41f44f,28f40919fc72,21,1685231772020,38699,161869338,460,1879701,86679605
f8686b41f44f,28f40919fc72,14,1685231811073,38699,161481504,460,1879701,86679605
f8686b41f44f,28f40919fc72,39,1685231811087,38699,161481504,460,1879701,86679605
f8686b41f44f,28f40919fc72,39,1685231811555,38699,161481501,460,1879701,86679605
f8686b41f44f,28f40919fc72,11,1685231819752,38699,161481501,460,1879701,86679605
f8686b41f44f,28f40919fc72,14,1685231830290,38699,161869341,460,1879701,86679605
f8686b41f44f,28f40919fc72,39,1685231830298,38699,161869341,460,1879701,86679605
f8686b41f44f,28f40919fc72,14,1685231833023,38699,161481498,460,1879701,86679605
f8686b41f44f,28f40919fc72,39,1685231833038,38699,161481498,460,1879701,86679605
f8686b41f44f,28f40919fc72,14,1685231834540,38699,161869341,460,1879701,86679605
f8686b41f44f,28f40919fc72,39,1685231834547,38699,161869341,460,1879701,86679605
f8686b41f44f,28f40919fc72,39,1685231836123,38699,116510428,460,1879701,86679605
f8686b41f44f,28f40919fc72,14,1685231836524,38699,161481498,460,1879701,86679605
f8686b41f44f,28f40919fc72,39,1685231836533,38699,161481498,460,1879701,86679605
f8686b41f44f,28f40919fc72,14,1685231838220,38699,161869338,460,1879701,86679605
f8686b41f44f,28f40919fc72,39,1685231838227,38699,161869338,460,1879701,86679605
f8686b41f44f,28f40919fc72,14,1685231847652,38699,161481504,460,1879701,86679605
f8686b41f44f,28f40919fc72,39,1685231847664,38699,161481504,460,1879701,86679605
f8686b41f44f,28f40919fc72,4,1685231870367,38699,161481504,460,1879701,86679605
f8686b41f44f,28f40919fc72,2,1685231870928,38699,161481504,460,1879701,86679605
f8686b41f44f,28f40919fc72,18,1685231870932,38699,161481504,460,1879701,86679605
f8686b41f44f,28f40919fc72,36,1685231870960,38699,161481504,460,1879701,86679605
f8686b41f44f,28f40919fc72,39,1685231871008,38699,161481504,460,1879701,86679605
f8686b41f44f,28f40919fc72,36,1685231997675,38699,161869338,460,1879701,86679605
f8686b41f44f,28f40919fc72,14,1685232000194,38699,161481498,460,1879701,86679605
f8686b41f44f,28f40919fc72,39,1685232000214,38699,161481498,460,1879701,86679605
f8686b41f44f,28f40919fc72,39,1685232001697,38699,161869338,460,1879701,86679605
f8686b41f44f,28f40919fc72,14,1685232010310,38699,161481501,460,1879701,86679605
f8686b41f44f,28f40919fc72,20,1685232031261,38699,161481501,460,1879701,86679605
f8686b41f44f,28f40919fc72,2,1685232031718,38699,161481501,460,1879701,86679605
f8686b41f44f,28f40919fc72,36,1685232031744,38699,161481501,460,1879701,86679605
f8686b41f44f,28f40919fc72,39,1685232031783,38699,161481501,460,1879701,86679605
f8686b41f44f,28f40919fc72,39,1685232034376,38699,161481504,460,1879701,86679605
f8686b41f44f,28f40919fc72,2,1685232044670,38699,161481504,460,1879701,86679605
f8686b41f44f,28f40919fc72,18,1685232044674,38699,161481504,460,1879701,86679605
f8686b41f44f,28f40919fc72,36,1685232044703,38699,161481504,460,1879701,86679605
f8686b41f44f,28f40919fc72,20,1685232054598,38699,161481504,460,1879701,86679605
f8686b41f44f,28f40919fc72,4,1685232090795,38699,161869338,460,1879701,86679605
f8686b41f44f,28f40919fc72,2,1685232093660,38699,161869338,460,1879701,86679605
f8686b41f44f,28f40919fc72,36,1685232093775,38699,161869338,460,1879701,86679605
f8686b41f44f,28f40919fc72,39,1685232093815,38699,161869338,460,1879701,86679605
f8686b41f44f,28f40919fc72,20,1685232115552,38699,161869338,460,1879701,86679605
f8686b41f44f,28f40919fc72,36,1685232116110,38699,161869338,460,1879701,86679605
f8686b41f44f,28f40919fc72,20,1685232134968,38699,161869338,460,1879701,86679605
f8686b41f44f,28f40919fc72,36,1685232136920,38699,161869338,460,1879701,86679605
f8686b41f44f,28f40919fc72,39,1685232136945,38699,161869338,460,1879701,86679605
f8686b41f44f,28f40919fc72,39,1685232140035,38699,161481504,460,1879701,86679605
f8686b41f44f,28f40919fc72,20,1685232171907,38699,161481504,460,1879701,86679605
f8686b41f44f,28f40919fc72,4,1685232177998,38699,161869338,460,1879701,86679605
f8686b41f44f,28f40919fc72,18,1685232180708,38699,161869338,460,1879701,86679605
f8686b41f44f,28f40919fc72,14,1685232183713,38699,161481504,460,1879701,86679605
f8686b41f44f,28f40919fc72,39,1685232183728,38699,161481504,460,1879701,86679605
f8686b41f44f,28f40919fc72,4,1685232198386,38699,161869338,460,1879701,86679605
f8686b41f44f,28f40919fc72,2,1685232201195,38699,161869338,460,1879701,86679605
f8686b41f44f,28f40919fc72,18,1685232201198,38699,161869338,460,1879701,86679605
f8686b41f44f,28f40919fc72,4,1685232310915,38699,161869338,460,1879701,86679605
f8686b41f44f,28f40919fc72,18,1685232311289,38699,161869338,460,1879701,86679605
f8686b41f44f,28f40919fc72,36,1685232311320,38699,161869338,460,1879701,86679605
f8686b41f44f,28f40919fc72,39,1685232311346,38699,161869338,460,1879701,86679605
f8686b41f44f,28f40919fc72,39,1685232317550,38699,161738269,460,1879701,86679605
f8686b41f44f,28f40919fc72,20,1685232327435,38699,161738269,460,1879701,86679605
f8686b41f44f,28f40919fc72,2,1685232424660,38699,116422617,460,1879701,86679605
f8686b41f44f,28f40919fc72,18,1685232424664,38699,116422617,460,1879701,86679605
f8686b41f44f,28f40919fc72,20,1685232450614,38699,116422617,460,1879701,86679605
f8686b41f44f,28f40919fc72,4,1685232461962,38699,116422617,460,1879701,86679605
f8686b41f44f,28f40919fc72,2,1685232462305,38699,116422617,460,1879701,86679605
f8686b41f44f,28f40919fc72,36,1685232462330,38699,116422617,460,1879701,86679605
f8686b41f44f,28f40919fc72,39,1685232462360,38699,116422617,460,1879701,86679605
f8686b41f44f,28f40919fc72,14,1685232473972,38699,161655596,460,1879701,86679605
f8686b41f44f,28f40919fc72,39,1685232473984,38699,161655596,460,1879701,86679605
f8686b41f44f,28f40919fc72,39,1685232477122,38699,161655607,460,1879701,86679605
f8686b41f44f,28f40919fc72,39,1685232485238,38699,116422617,460,1879701,86679605
f8686b41f44f,28f40919fc72,14,1685232486400,38699,250669918,460,1879701,86679605
f8686b41f44f,28f40919fc72,20,1685232496312,38699,250669918,460,1879701,86679605
f8686b41f44f,28f40919fc72,18,1685232536315,38699,250669918,460,1879701,86679605
f8686b41f44f,28f40919fc72,39,1685232536460,38699,250669918,460,1879701,86679605
f8686b41f44f,28f40919fc72,4,1685232741008,38699,161655578,460,1879701,86679605
f8686b41f44f,28f40919fc72,2,1685232743365,38699,161655578,460,1879701,86679605
f8686b41f44f,28f40919fc72,18,1685232743368,38699,161655578,460,1879701,86679605
f8686b41f44f,28f40919fc72,36,1685232743395,38699,161655578,460,1879701,86679605
f8686b41f44f,28f40919fc72,39,1685232743426,38699,161655578,460,1879701,86679605
f8686b41f44f,28f40919fc72,2,1685232970952,38699,161657910,460,1879701,86679605
f8686b41f44f,28f40919fc72,18,1685232970954,38699,161657910,460,1879701,86679605
f8686b41f44f,28f40919fc72,39,1685232971027,38699,161657910,460,1879701,86679605
f8686b41f44f,28f40919fc72,39,1685232974885,38699,84990105,460,1879701,86679605
f8686b41f44f,28f40919fc72,14,1685233041181,38699,161657880,460,1879701,86679605
f8686b41f44f,28f40919fc72,39,1685233041191,38699,161657880,460,1879701,86679605
f8686b41f44f,28f40919fc72,14,1685233041612,38699,161645849,460,1879701,86679605
f8686b41f44f,28f40919fc72,39,1685233042393,38699,161645850,460,1879701,86679605
f8686b41f44f,28f40919fc72,20,1685233081350,38699,161645850,460,1879701,86679605
f8686b41f44f,28f40919fc72,36,1685233085672,38699,161645850,460,1879701,86679605
f8686b41f44f,28f40919fc72,39,1685233085711,38699,161645850,460,1879701,86679605
f8686b41f44f,28f40919fc72,18,1685233121392,38699,84990105,460,1879701,86679605
f8686b41f44f,28f40919fc72,36,1685233121415,38699,84990105,460,1879701,86679605
f8686b41f44f,28f40919fc72,2,1685233137259,38699,84990105,460,1879701,86679605
f8686b41f44f,28f40919fc72,18,1685233137263,38699,84990105,460,1879701,86679605
f8686b41f44f,28f40919fc72,36,1685233137295,38699,84990105,460,1879701,86679605
f8686b41f44f,28f40919fc72,39,1685233137345,38699,84990105,460,1879701,86679605
f8686b41f44f,28f40919fc72,36,1685233198570,38699,84990105,460,1879701,86679605
f8686b41f44f,28f40919fc72,39,1685233198615,38699,84990105,460,1879701,86679605
f8686b41f44f,28f40919fc72,20,1685233208471,38699,84990105,460,1879701,86679605
f8686b41f44f,28f40919fc72,2,1685233212380,38699,84990105,460,1879701,86679605
f8686b41f44f,28f40919fc72,18,1685233212385,38699,84990105,460,1879701,86679605
f8686b41f44f,28f40919fc72,36,1685233212410,38699,84990105,460,1879701,86679605
f8686b41f44f,28f40919fc72,39,1685233212465,38699,84990105,460,1879701,86679605
f8686b41f44f,28f40919fc72,20,1685233232284,38699,84990105,460,1879701,86679605
f8686b41f44f,28f40919fc72,18,1685233233342,38699,84990105,460,1879701,86679605
f8686b41f44f,28f40919fc72,36,1685233233371,38699,84990105,460,1879701,86679605
f8686b41f44f,28f40919fc72,39,1685233233416,38699,84990105,460,1879701,86679605
f8686b41f44f,28f40919fc72,2,1685233310209,38699,84990105,460,1879701,86679605
f8686b41f44f,28f40919fc72,18,1685233310211,38699,84990105,460,1879701,86679605
f8686b41f44f,28f40919fc72,36,1685233310320,38699,84990105,460,1879701,86679605
f8686b41f44f,28f40919fc72,39,1685233310381,38699,84990105,460,1879701,86679605
f8686b41f44f,28f40919fc72,2,1685233365206,38699,161657883,460,1879701,86679605
f8686b41f44f,28f40919fc72,18,1685233365208,38699,161657883,460,1879701,86679605
f8686b41f44f,28f40919fc72,4,1685233391177,38699,84990105,460,1879701,86679605
f8686b41f44f,28f40919fc72,2,1685233394179,38699,84990105,460,1879701,86679605
f8686b41f44f,28f40919fc72,18,1685233394183,38699,84990105,460,1879701,86679605
f8686b41f44f,28f40919fc72,20,1685233404099,38699,84990105,460,1879701,86679605
f8686b41f44f,28f40919fc72,14,1685233437120,38699,161657883,460,1879701,86679605
f8686b41f44f,28f40919fc72,39,1685233437135,38699,161657883,460,1879701,86679605
f8686b41f44f,28f40919fc72,20,1685233447069,38699,161657883,460,1879701,86679605
f8686b41f44f,28f40919fc72,18,1685233493164,38699,84990105,460,1879701,86679605
f8686b41f44f,28f40919fc72,39,1685233496735,38699,161645849,460,1879701,86679605
f8686b41f44f,28f40919fc72,39,1685233497096,38699,161645850,460,1879701,86679605
f8686b41f44f,28f40919fc72,14,1685233498590,38699,161657883,460,1879701,86679605
f8686b41f44f,28f40919fc72,20,1685233508536,38699,161657883,460,1879701,86679605
f8686b41f44f,28f40919fc72,2,1685233529609,38699,84990105,460,1879701,86679605
f8686b41f44f,28f40919fc72,36,1685233529640,38699,84990105,460,1879701,86679605
f8686b41f44f,28f40919fc72,39,1685233529690,38699,84990105,460,1879701,86679605
f8686b41f44f,28f40919fc72,4,1685233610889,38699,84990105,460,1879701,86679605
f8686b41f44f,28f40919fc72,36,1685233611805,38699,84990105,460,1879701,86679605
f8686b41f44f,28f40919fc72,20,1685233621701,38699,84990105,460,1879701,86679605
f8686b41f44f,28f40919fc72,36,1685233643319,38699,84990105,460,1879701,86679605
f8686b41f44f,28f40919fc72,39,1685233643369,38699,84990105,460,1879701,86679605
f8686b41f44f,28f40919fc72,20,1685233653207,38699,84990105,460,1879701,86679605
f8686b41f44f,28f40919fc72,4,1685233702226,38699,84990105,460,1879701,86679605
f8686b41f44f,28f40919fc72,2,1685233702639,38699,84990105,460,1879701,86679605
f8686b41f44f,28f40919fc72,18,1685233702642,38699,84990105,460,1879701,86679605
f8686b41f44f,28f40919fc72,36,1685233702670,38699,84990105,460,1879701,86679605
f8686b41f44f,28f40919fc72,39,1685233702714,38699,84990105,460,1879701,86679605
f8686b41f44f,28f40919fc72,20,1685233712596,38699,84990105,460,1879701,86679605
f8686b41f44f,28f40919fc72,2,1685233816259,38699,84990105,460,1879701,86679605
f8686b41f44f,28f40919fc72,18,1685233816262,38699,84990105,460,1879701,86679605
f8686b41f44f,28f40919fc72,36,1685233816290,38699,84990105,460,1879701,86679605
f8686b41f44f,28f40919fc72,20,1685233861147,38699,84990105,460,1879701,86679605
f8686b41f44f,28f40919fc72,36,1685233862410,38699,84990105,460,1879701,86679605
f8686b41f44f,28f40919fc72,39,1685233862450,38699,84990105,460,1879701,86679605
f8686b41f44f,28f40919fc72,20,1685233878336,38699,84990105,460,1879701,86679605
f8686b41f44f,28f40919fc72,4,1685233881058,38699,84990105,460,1879701,86679605
f8686b41f44f,28f40919fc72,18,1685233881863,38699,84990105,460,1879701,86679605
f8686b41f44f,28f40919fc72,36,1685233881890,38699,84990105,460,1879701,86679605
f8686b41f44f,28f40919fc72,39,1685233881964,38699,84990105,460,1879701,86679605
f8686b41f44f,28f40919fc72,20,1685233891823,38699,84990105,460,1879701,86679605
f8686b41f44f,28f40919fc72,18,1685233894622,38699,84990105,460,1879701,86679605
f8686b41f44f,28f40919fc72,36,1685233894644,38699,84990105,460,1879701,86679605
f8686b41f44f,28f40919fc72,14,1685233911162,38699,161645850,460,1879701,86679605
f8686b41f44f,28f40919fc72,39,1685233911174,38699,161645850,460,1879701,86679605
f8686b41f44f,28f40919fc72,14,1685233920373,38699,161655578,460,1879701,86679605
f8686b41f44f,28f40919fc72,39,1685233923192,38699,161657880,460,1879701,86679605
f8686b41f44f,28f40919fc72,2,1685234037338,38699,250661210,460,1879701,86679605
f8686b41f44f,28f40919fc72,18,1685234037343,38699,250661210,460,1879701,86679605
f8686b41f44f,28f40919fc72,16,1685234099424,38699,250661210,460,1879701,86679605
f8686b41f44f,28f40919fc72,15,1685234099428,38699,161657912,460,1879701,86679605
f8686b41f44f,28f40919fc72,39,1685234099502,38699,161657912,460,1879701,86679605
f8686b41f44f,28f40919fc72,20,1685234101500,38699,250661210,460,1879701,86679605
f8686b41f44f,28f40919fc72,16,1685234114273,38699,161657912,460,1879701,86679605
f8686b41f44f,28f40919fc72,15,1685234114278,38699,250835288,460,1879701,86679605
f8686b41f44f,28f40919fc72,39,1685234114351,38699,250835288,460,1879701,86679605
f8686b41f44f,28f40919fc72,14,1685234115805,38699,250661210,460,1879701,86679605
f8686b41f44f,28f40919fc72,20,1685234115809,38699,161657912,460,1879701,86679605
f8686b41f44f,28f40919fc72,16,1685234119359,38699,250661210,460,1879701,86679605
f8686b41f44f,28f40919fc72,15,1685234119363,38699,161657885,460,1879701,86679605
f8686b41f44f,28f40919fc72,39,1685234119433,38699,161657885,460,1879701,86679605
f8686b41f44f,28f40919fc72,16,1685234141089,38699,161657885,460,1879701,86679605
f8686b41f44f,28f40919fc72,15,1685234141093,38699,250661210,460,1879701,86679605
f8686b41f44f,28f40919fc72,20,1685234143159,38699,161657885,460,1879701,86679605
f8686b41f44f,28f40919fc72,15,1685234157847,38699,161657885,460,1879701,86679605
f8686b41f44f,28f40919fc72,39,1685234157912,38699,161657885,460,1879701,86679605
f8686b41f44f,28f40919fc72,20,1685234170857,38699,161657885,460,1879701,86679605
f8686b41f44f,28f40919fc72,4,1685234187586,38699,161657912,460,1879701,86679605
f8686b41f44f,28f40919fc72,18,1685234187775,38699,161657912,460,1879701,86679605
f8686b41f44f,28f40919fc72,39,1685234189336,38699,250661210,460,1879701,86679605
f8686b41f44f,28f40919fc72,20,1685234191331,38699,161657912,460,1879701,86679605
f8686b41f44f,28f40919fc72,14,1685234191940,38699,250835288,460,1879701,86679605
f8686b41f44f,28f40919fc72,39,1685234191949,38699,250835288,460,1879701,86679605
f8686b41f44f,28f40919fc72,14,1685234193405,38699,250661210,460,1879701,86679605
f8686b41f44f,28f40919fc72,15,1685234194851,38699,161657882,460,1879701,86679605
f8686b41f44f,28f40919fc72,39,1685234194985,38699,161657882,460,1879701,86679605
f8686b41f44f,28f40919fc72,20,1685234204888,38699,161657882,460,1879701,86679605
f8686b41f44f,28f40919fc72,4,1685234205385,38699,161657882,460,1879701,86679605
f8686b41f44f,28f40919fc72,18,1685234205650,38699,161657882,460,1879701,86679605
f8686b41f44f,28f40919fc72,39,1685234205727,38699,161657882,460,1879701,86679605
f8686b41f44f,28f40919fc72,16,1685234213409,38699,161657885,460,1879701,86679605
f8686b41f44f,28f40919fc72,39,1685234213475,38699,250661210,460,1879701,86679605
f8686b41f44f,28f40919fc72,20,1685234215475,38699,161657885,460,1879701,86679605
f8686b41f44f,28f40919fc72,20,1685234223422,38699,250661210,460,1879701,86679605
f8686b41f44f,28f40919fc72,4,1685234241372,38699,250661210,460,1879701,86679605
f8686b41f44f,28f40919fc72,2,1685234241511,38699,250661210,460,1879701,86679605
f8686b41f44f,28f40919fc72,18,1685234241514,38699,250661210,460,1879701,86679605
f8686b41f44f,28f40919fc72,36,1685234241537,38699,250661210,460,1879701,86679605
f8686b41f44f,28f40919fc72,39,1685234241564,38699,250661210,460,1879701,86679605
f8686b41f44f,28f40919fc72,20,1685234296223,38699,250661210,460,1879701,86679605
f8686b41f44f,28f40919fc72,4,1685234393349,38699,250661210,460,1879701,86679605
f8686b41f44f,28f40919fc72,2,1685234393830,38699,250661210,460,1879701,86679605
f8686b41f44f,28f40919fc72,36,1685234393859,38699,250661210,460,1879701,86679605
f8686b41f44f,28f40919fc72,39,1685234393886,38699,250661210,460,1879701,86679605
f8686b41f44f,28f40919fc72,15,1685234401210,38699,161657885,460,1879701,86679605
f8686b41f44f,28f40919fc72,39,1685234401270,38699,161657885,460,1879701,86679605
f8686b41f44f,28f40919fc72,20,1685234403263,38699,250661210,460,1879701,86679605
f8686b41f44f,28f40919fc72,36,1685234411743,38699,161657885,460,1879701,86679605
f8686b41f44f,28f40919fc72,39,1685234411781,38699,161657885,460,1879701,86679605
f8686b41f44f,28f40919fc72,15,1685234419025,38699,250661210,460,1879701,86679605
f8686b41f44f,28f40919fc72,39,1685234419085,38699,250661210,460,1879701,86679605
f8686b41f44f,28f40919fc72,4,1685234457610,38699,161657885,460,1879701,86679605
f8686b41f44f,28f40919fc72,2,1685234460405,38699,161657885,460,1879701,86679605
f8686b41f44f,28f40919fc72,39,1685234460471,38699,161657885,460,1879701,86679605
f8686b41f44f,28f40919fc72,20,1685234470392,38699,161657885,460,1879701,86679605
f8686b41f44f,28f40919fc72,2,1685234477710,38699,161657885,460,1879701,86679605
f8686b41f44f,28f40919fc72,36,1685234477738,38699,161657885,460,1879701,86679605
f8686b41f44f,28f40919fc72,39,1685234477777,38699,161657885,460,1879701,86679605
f8686b41f44f,28f40919fc72,36,1685234497269,38699,161657885,460,1879701,86679605
f8686b41f44f,28f40919fc72,39,1685234497311,38699,161657885,460,1879701,86679605
f8686b41f44f,28f40919fc72,39,1685234505419,38699,161657882,460,1879701,86679605
f8686b41f44f,28f40919fc72,39,1685234514557,38699,161657885,460,1879701,86679605
f8686b41f44f,28f40919fc72,39,1685234519362,38699,161657882,460,1879701,86679605
f8686b41f44f,28f40919fc72,14,1685234519790,38699,162052376,460,1879701,86679605
f8686b41f44f,28f40919fc72,14,1685234522960,38699,250835288,460,1879701,86679605
f8686b41f44f,28f40919fc72,39,1685234522970,38699,250835288,460,1879701,86679605
f8686b41f44f,28f40919fc72,14,1685234531890,38699,250661210,460,1879701,86679605
f8686b41f44f,28f40919fc72,16,1685234534769,38699,250661210,460,1879701,86679605
f8686b41f44f,28f40919fc72,15,1685234534773,38699,161657885,460,1879701,86679605
f8686b41f44f,28f40919fc72,39,1685234534836,38699,161657885,460,1879701,86679605
f8686b41f44f,28f40919fc72,20,1685234536831,38699,250661210,460,1879701,86679605
f8686b41f44f,28f40919fc72,20,1685234544782,38699,161657885,460,1879701,86679605
f8686b41f44f,28f40919fc72,20,1685234552829,38699,161657912,460,1879701,86679605
f8686b41f44f,28f40919fc72,5,1685234643896,38701,161763870,460,1879701,86679605
f8686b41f44f,28f40919fc72,5,1685234657656,38699,161657912,460,1879701,86679605
f8686b41f44f,28f40919fc72,20,1685234657719,38699,161657912,460,1879701,86679605
f8686b41f44f,28f40919fc72,4,1685234661463,38699,161657912,460,1879701,86679605
f8686b41f44f,28f40919fc72,2,1685234662642,38699,161657912,460,1879701,86679605
f8686b41f44f,28f40919fc72,36,1685234662757,38699,161657912,460,1879701,86679605
f8686b41f44f,28f40919fc72,4,1685234697354,38699,161657912,460,1879701,86679605
f8686b41f44f,28f40919fc72,2,1685234698481,38699,161657912,460,1879701,86679605
f8686b41f44f,28f40919fc72,18,1685234698487,38699,161657912,460,1879701,86679605
f8686b41f44f,28f40919fc72,20,1685234708372,38699,161657912,460,1879701,86679605
f8686b41f44f,28f40919fc72,2,1685234730281,38699,161657912,460,1879701,86679605
f8686b41f44f,28f40919fc72,18,1685234730286,38699,161657912,460,1879701,86679605
f8686b41f44f,28f40919fc72,36,1685234730307,38699,161657912,460,1879701,86679605
f8686b41f44f,28f40919fc72,39,1685234730356,38699,161657912,460,1879701,86679605
f8686b41f44f,28f40919fc72,4,1685234996847,38699,161657885,460,1879701,86679605
f8686b41f44f,28f40919fc72,2,1685234997992,38699,161657885,460,1879701,86679605
f8686b41f44f,28f40919fc72,18,1685234997997,38699,161657885,460,1879701,86679605
f8686b41f44f,28f40919fc72,36,1685234998024,38699,161657885,460,1879701,86679605
f8686b41f44f,28f40919fc72,39,1685234998068,38699,161657885,460,1879701,86679605
f8686b41f44f,28f40919fc72,20,1685235009978,38699,161657885,460,1879701,86679605
f8686b41f44f,28f40919fc72,2,1685235010791,38699,161657885,460,1879701,86679605
f8686b41f44f,28f40919fc72,18,1685235010794,38699,161657885,460,1879701,86679605
f8686b41f44f,28f40919fc72,36,1685235010819,38699,161657885,460,1879701,86679605
f8686b41f44f,28f40919fc72,39,1685235010861,38699,161657885,460,1879701,86679605
f8686b41f44f,28f40919fc72,2,1685235142776,38699,161657882,460,1879701,86679605
f8686b41f44f,28f40919fc72,15,1685235145284,38699,250661210,460,1879701,86679605
f8686b41f44f,28f40919fc72,15,1685235145749,38699,161657885,460,1879701,86679605
f8686b41f44f,28f40919fc72,39,1685235145816,38699,161657885,460,1879701,86679605
f8686b41f44f,28f40919fc72,39,1685235147802,38699,161657882,460,1879701,86679605
f8686b41f44f,28f40919fc72,20,1685235147825,38699,250661210,460,1879701,86679605
f8686b41f44f,28f40919fc72,16,1685235166614,38699,161657882,460,1879701,86679605
f8686b41f44f,28f40919fc72,15,1685235166618,38699,250661210,460,1879701,86679605
f8686b41f44f,28f40919fc72,39,1685235166685,38699,250661210,460,1879701,86679605
f8686b41f44f,28f40919fc72,16,1685235167051,38699,250661210,460,1879701,86679605
f8686b41f44f,28f40919fc72,20,1685235167054,38699,161657882,460,1879701,86679605
f8686b41f44f,28f40919fc72,16,1685235180469,38699,161657882,460,1879701,86679605
f8686b41f44f,28f40919fc72,15,1685235180474,38699,250661210,460,1879701,86679605
f8686b41f44f,28f40919fc72,16,1685235181815,38699,250661210,460,1879701,86679605
f8686b41f44f,28f40919fc72,15,1685235181819,38699,161657885,460,1879701,86679605
f8686b41f44f,28f40919fc72,39,1685235181885,38699,161657885,460,1879701,86679605
f8686b41f44f,28f40919fc72,20,1685235183873,38699,250661210,460,1879701,86679605
f8686b41f44f,28f40919fc72,20,1685235192919,38699,161657882,460,1879701,86679605
f8686b41f44f,28f40919fc72,18,1685235197658,38699,161657885,460,1879701,86679605
f8686b41f44f,28f40919fc72,18,1685235228406,38699,161657912,460,1879701,86679605
f8686b41f44f,28f40919fc72,36,1685235228433,38699,161657912,460,1879701,86679605
f8686b41f44f,28f40919fc72,39,1685235228476,38699,161657912,460,1879701,86679605
f8686b41f44f,28f40919fc72,20,1685235238298,38699,161657912,460,1879701,86679605
f8686b41f44f,28f40919fc72,2,1685235298311,38699,161657882,460,1879701,86679605
f8686b41f44f,28f40919fc72,36,1685235298342,38699,161657882,460,1879701,86679605
f8686b41f44f,28f40919fc72,39,1685235298391,38699,161657882,460,1879701,86679605
f8686b41f44f,28f40919fc72,39,1685235303311,38699,161657885,460,1879701,86679605
f8686b41f44f,28f40919fc72,2,1685235322036,38699,161657885,460,1879701,86679605
f8686b41f44f,28f40919fc72,18,1685235322039,38699,161657885,460,1879701,86679605
f8686b41f44f,28f40919fc72,36,1685235322065,38699,161657885,460,1879701,86679605
f8686b41f44f,28f40919fc72,20,1685235334024,38699,161657885,460,1879701,86679605
f8686b41f44f,28f40919fc72,18,1685235336316,38699,161657912,460,1879701,86679605
f8686b41f44f,28f40919fc72,39,1685235336386,38699,161657912,460,1879701,86679605
f8686b41f44f,28f40919fc72,16,1685235338868,38699,161657912,460,1879701,86679605
f8686b41f44f,28f40919fc72,15,1685235338872,38699,250835288,460,1879701,86679605
f8686b41f44f,28f40919fc72,39,1685235338960,38699,250835288,460,1879701,86679605
f8686b41f44f,28f40919fc72,20,1685235348880,38699,250835288,460,1879701,86679605
f8686b41f44f,28f40919fc72,2,1685235354251,38699,161657912,460,1879701,86679605
f8686b41f44f,28f40919fc72,36,1685235354286,38699,161657912,460,1879701,86679605
f8686b41f44f,28f40919fc72,39,1685235354331,38699,161657912,460,1879701,86679605
f8686b41f44f,28f40919fc72,39,1685235355752,38699,161657885,460,1879701,86679605
f8686b41f44f,28f40919fc72,20,1685235365704,38699,161657885,460,1879701,86679605
f8686b41f44f,28f40919fc72,2,1685235366460,38699,161657885,460,1879701,86679605
f8686b41f44f,28f40919fc72,18,1685235366464,38699,161657885,460,1879701,86679605
f8686b41f44f,28f40919fc72,36,1685235366491,38699,161657885,460,1879701,86679605
f8686b41f44f,28f40919fc72,39,1685235366531,38699,161657885,460,1879701,86679605
f8686b41f44f,28f40919fc72,4,1685235384873,38699,161657912,460,1879701,86679605
f8686b41f44f,28f40919fc72,2,1685235385821,38699,161657912,460,1879701,86679605
f8686b41f44f,28f40919fc72,36,1685235385852,38699,161657912,460,1879701,86679605
f8686b41f44f,28f40919fc72,39,1685235387637,38699,161657882,460,1879701,86679605
f8686b41f44f,28f40919fc72,39,1685235394836,38699,161657885,460,1879701,86679605
f8686b41f44f,28f40919fc72,20,1685235404787,38699,161657885,460,1879701,86679605
f8686b41f44f,28f40919fc72,2,1685235428061,38699,161657912,460,1879701,86679605
f8686b41f44f,28f40919fc72,18,1685235428066,38699,161657912,460,1879701,86679605
f8686b41f44f,28f40919fc72,36,1685235428092,38699,161657912,460,1879701,86679605
f8686b41f44f,28f40919fc72,39,1685235433052,38699,161657882,460,1879701,86679605
f8686b41f44f,28f40919fc72,20,1685235451549,38699,161657885,460,1879701,86679605
f8686b41f44f,28f40919fc72,4,1685235502729,38699,161657912,460,1879701,86679605
f8686b41f44f,28f40919fc72,2,1685235503591,38699,161657912,460,1879701,86679605
f8686b41f44f,28f40919fc72,2,1685235598201,38699,161657912,460,1879701,86679605
f8686b41f44f,28f40919fc72,18,1685235598204,38699,161657912,460,1879701,86679605
f8686b41f44f,28f40919fc72,36,1685235598231,38699,161657912,460,1879701,86679605
f8686b41f44f,28f40919fc72,39,1685235598277,38699,161657912,460,1879701,86679605
f8686b41f44f,28f40919fc72,2,1685235751921,38699,161657912,460,1879701,86679605
f8686b41f44f,28f40919fc72,18,1685235751927,38699,161657912,460,1879701,86679605
f8686b41f44f,28f40919fc72,36,1685235751956,38699,161657912,460,1879701,86679605
f8686b41f44f,28f40919fc72,39,1685235751996,38699,161657912,460,1879701,86679605
f8686b41f44f,28f40919fc72,2,1685235776221,38699,161657912,460,1879701,86679605
f8686b41f44f,28f40919fc72,36,1685235776252,38699,161657912,460,1879701,86679605
f8686b41f44f,28f40919fc72,5,1685235822571,38699,250835288,460,1879701,86679605
f8686b41f44f,28f40919fc72,20,1685235822948,38699,250835288,460,1879701,86679605
f8686b41f44f,28f40919fc72,4,1685235823005,38699,250835288,460,1879701,86679605
f8686b41f44f,28f40919fc72,2,1685235823066,38699,250835288,460,1879701,86679605
f8686b41f44f,28f40919fc72,18,1685235823070,38699,250835288,460,1879701,86679605
f8686b41f44f,28f40919fc72,39,1685235823126,38699,250835288,460,1879701,86679605
f8686b41f44f,28f40919fc72,35,1685235823137,38699,250835288,460,1879701,86679605
f8686b41f44f,28f40919fc72,12,1685235823137,38699,250835288,460,1879701,86679605
f8686b41f44f,28f40919fc72,41,1685235823222,38699,250835288,460,1879701,86679605
f8686b41f44f,28f40919fc72,39,1685235825422,38699,162052376,460,1879701,86679605
f8686b41f44f,28f40919fc72,39,1685235843002,38699,162052376,460,1879701,86679605
f8686b41f44f,28f40919fc72,14,1685235847361,38699,161657882,460,1879701,86679605
f8686b41f44f,28f40919fc72,39,1685235847378,38699,161657882,460,1879701,86679605
f8686b41f44f,28f40919fc72,39,1685235851194,38699,162052376,460,1879701,86679605
f8686b41f44f,28f40919fc72,14,1685235853401,38699,161657912,460,1879701,86679605
f8686b41f44f,28f40919fc72,15,1685235860647,38699,250835288,460,1879701,86679605
f8686b41f44f,28f40919fc72,39,1685235860720,38699,250835288,460,1879701,86679605
f8686b41f44f,28f40919fc72,14,1685235862700,38699,162052376,460,1879701,86679605
f8686b41f44f,28f40919fc72,14,1685235863131,38699,161657882,460,1879701,86679605
f8686b41f44f,28f40919fc72,39,1685235866852,38699,161657885,460,1879701,86679605
f8686b41f44f,28f40919fc72,4,1685235924345,38699,161657885,460,1879701,86679605
f8686b41f44f,28f40919fc72,2,1685235924682,38699,161657885,460,1879701,86679605
f8686b41f44f,28f40919fc72,18,1685235924685,38699,161657885,460,1879701,86679605
f8686b41f44f,28f40919fc72,36,1685235924710,38699,161657885,460,1879701,86679605
f8686b41f44f,28f40919fc72,39,1685235924753,38699,161657885,460,1879701,86679605
f8686b41f44f,28f40919fc72,39,1685235974657,38699,161657883,460,1879701,86679605
f8686b41f44f,28f40919fc72,39,1685235990577,38699,161657885,460,1879701,86679605
f8686b41f44f,28f40919fc72,20,1685236006540,38699,161657885,460,1879701,86679605
f8686b41f44f,28f40919fc72,4,1685236013512,38699,250660954,460,1879701,86679605
f8686b41f44f,28f40919fc72,14,1685236017189,38699,84990104,460,1879701,86679605
f8686b41f44f,28f40919fc72,14,1685236017579,38699,85226395,460,1879701,86679605
f8686b41f44f,28f40919fc72,39,1685236017588,38699,85226395,460,1879701,86679605
f8686b41f44f,28f40919fc72,39,1685236022583,38699,250661210,460,1879701,86679605
f8686b41f44f,28f40919fc72,2,1685236033489,38699,250661210,460,1879701,86679605
f8686b41f44f,28f40919fc72,36,1685236033511,38699,250661210,460,1879701,86679605
f8686b41f44f,28f40919fc72,39,1685236033544,38699,250661210,460,1879701,86679605
f8686b41f44f,28f40919fc72,39,1685236036877,38699,117423577,460,1879701,86679605
f8686b41f44f,28f40919fc72,39,1685236063535,38699,117423576,460,1879701,86679605
f8686b41f44f,28f40919fc72,14,1685236067115,38699,250661208,460,1879701,86679605
f8686b41f44f,28f40919fc72,39,1685236067126,38699,250661208,460,1879701,86679605
f8686b41f44f,28f40919fc72,39,1685236096275,38699,117423578,460,1879701,86679605
f8686b41f44f,28f40919fc72,20,1685236129542,38699,250661208,460,1879701,86679605
f8686b41f44f,28f40919fc72,2,1685236139880,38699,250661208,460,1879701,86679605
f8686b41f44f,28f40919fc72,18,1685236139882,38699,250661208,460,1879701,86679605
f8686b41f44f,28f40919fc72,36,1685236139908,38699,250661208,460,1879701,86679605
f8686b41f44f,28f40919fc72,14,1685236149260,38701,161763870,460,1879701,86679605
f8686b41f44f,28f40919fc72,39,1685236149272,38701,161763870,460,1879701,86679605
f8686b41f44f,28f40919fc72,5,1685236149315,38701,161763870,460,1879701,86679605
f8686b41f44f,28f40919fc72,14,1685236149691,38701,161756703,460,1879701,86679605
f8686b41f44f,28f40919fc72,34,1685236151765,38701,161756703,460,1879701,86679605
f8686b41f44f,28f40919fc72,14,1685236167720,38701,161763870,460,1879701,86679605
f8686b41f44f,28f40919fc72,39,1685236167734,38701,161763870,460,1879701,86679605
f8686b41f44f,28f40919fc72,39,1685236181152,38699,250661208,460,1879701,86679605
f8686b41f44f,28f40919fc72,5,1685236181173,38699,250661208,460,1879701,86679605
f8686b41f44f,28f40919fc72,11,1685236196771,38699,250661208,460,1879701,86679605
f8686b41f44f,28f40919fc72,21,1685236196771,38699,250661208,460,1879701,86679605
f8686b41f44f,28f40919fc72,14,1685236205571,38699,250661208,460,1879701,86679605
f8686b41f44f,28f40919fc72,20,1685236219521,38699,250661208,460,1879701,86679605
f8686b41f44f,28f40919fc72,39,1685236293680,38699,161655607,460,1879701,86679605
f8686b41f44f,28f40919fc72,20,1685236303480,38699,161655607,460,1879701,86679605
f8686b41f44f,28f40919fc72,18,1685236360273,38699,250708825,460,1879701,86679605
f8686b41f44f,28f40919fc72,39,1685236360335,38699,250708825,460,1879701,86679605
f8686b41f44f,28f40919fc72,14,1685236361100,38699,84942744,460,1879701,86679605
f8686b41f44f,28f40919fc72,39,1685236361114,38699,84942744,460,1879701,86679605
f8686b41f44f,28f40919fc72,14,1685236367219,38699,250708825,460,1879701,86679605
f8686b41f44f,28f40919fc72,2,1685236385494,38699,250689368,460,1879701,86679605
f8686b41f44f,28f40919fc72,36,1685236385523,38699,250689368,460,1879701,86679605
f8686b41f44f,28f40919fc72,39,1685236385949,38699,250676569,460,1879701,86679605
f8686b41f44f,28f40919fc72,20,1685236395887,38699,250676569,460,1879701,86679605
f8686b41f44f,28f40919fc72,4,1685236404825,38699,250676569,460,1879701,86679605
f8686b41f44f,28f40919fc72,2,1685236405977,38699,250676569,460,1879701,86679605
f8686b41f44f,28f40919fc72,36,1685236406006,38699,250676569,460,1879701,86679605
f8686b41f44f,28f40919fc72,39,1685236406046,38699,250676569,460,1879701,86679605
f8686b41f44f,28f40919fc72,2,1685236420560,38699,117409753,460,1879701,86679605
f8686b41f44f,28f40919fc72,20,1685236420562,38699,250676569,460,1879701,86679605
f8686b41f44f,28f40919fc72,18,1685236420566,38699,117409753,460,1879701,86679605
f8686b41f44f,28f40919fc72,39,1685236425853,38699,85256345,460,1879701,86679605
f8686b41f44f,28f40919fc72,13,1685236443013,38699,85256345,460,1879701,86679605
f8686b41f44f,28f40919fc72,21,1685236463661,38699,85256346,460,1879701,86679605
f8686b41f44f,28f40919fc72,14,1685236475040,38699,161582361,460,1879701,86679605
f8686b41f44f,28f40919fc72,14,1685236476549,38699,85256346,460,1879701,86679605
f8686b41f44f,28f40919fc72,39,1685236476562,38699,85256346,460,1879701,86679605
f8686b41f44f,28f40919fc72,2,1685236482207,38699,161655576,460,1879701,86679605
f8686b41f44f,28f40919fc72,39,1685236482272,38699,161655576,460,1879701,86679605
f8686b41f44f,28f40919fc72,39,1685236485079,38699,161481240,460,1879701,86679605
f8686b41f44f,28f40919fc72,20,1685236494963,38699,161481240,460,1879701,86679605
f8686b41f44f,28f40919fc72,4,1685236502336,38699,161655607,460,1879701,86679605
f8686b41f44f,28f40919fc72,20,1685236516479,38699,161655607,460,1879701,86679605
f8686b41f44f,28f40919fc72,2,1685236531195,38699,161611830,460,1879701,86679605
f8686b41f44f,28f40919fc72,18,1685236531200,38699,161611830,460,1879701,86679605
f8686b41f44f,28f40919fc72,36,1685236531225,38699,161611830,460,1879701,86679605
f8686b41f44f,28f40919fc72,39,1685236531270,38699,161611830,460,1879701,86679605
f8686b41f44f,28f40919fc72,4,1685236556820,38699,85528217,460,1879701,86679605
f8686b41f44f,28f40919fc72,18,1685236559623,38699,85528217,460,1879701,86679605
f8686b41f44f,28f40919fc72,39,1685236559700,38699,85528217,460,1879701,86679605
f8686b41f44f,28f40919fc72,20,1685236569548,38699,85528217,460,1879701,86679605
f8686b41f44f,28f40919fc72,4,1685236569647,38699,85528217,460,1879701,86679605
f8686b41f44f,28f40919fc72,36,1685236569830,38699,85528217,460,1879701,86679605
f8686b41f44f,28f40919fc72,5,1685236618659,38708,85142173,460,1879701,86679605
f8686b41f44f,28f40919fc72,4,1685236762762,38708,85574558,460,1879701,86679605
f8686b41f44f,28f40919fc72,2,1685236765660,38708,85574558,460,1879701,86679605
f8686b41f44f,28f40919fc72,18,1685236765664,38708,85574558,460,1879701,86679605
f8686b41f44f,28f40919fc72,36,1685236765695,38708,85574558,460,1879701,86679605
f8686b41f44f,28f40919fc72,2,1685236977214,38708,116409974,460,1879701,86679605
f8686b41f44f,28f40919fc72,18,1685236977217,38708,116409974,460,1879701,86679605
f8686b41f44f,28f40919fc72,39,1685236977259,38708,116409974,460,1879701,86679605
f8686b41f44f,28f40919fc72,14,1685236995369,38708,116710875,460,1879701,86679605
f8686b41f44f,28f40919fc72,39,1685237000440,38708,116710872,460,1879701,86679605
f8686b41f44f,28f40919fc72,2,1685237030402,38708,85021604,460,1879701,86679605
f8686b41f44f,28f40919fc72,36,1685237030434,38708,85021604,460,1879701,86679605
f8686b41f44f,28f40919fc72,39,1685237030472,38708,85021604,460,1879701,86679605
f8686b41f44f,28f40919fc72,4,1685237069963,38708,85021604,460,1879701,86679605
f8686b41f44f,28f40919fc72,20,1685237080276,38708,85021604,460,1879701,86679605
f8686b41f44f,28f40919fc72,2,1685237081340,38708,85021604,460,1879701,86679605
f8686b41f44f,28f40919fc72,36,1685237081369,38708,85021604,460,1879701,86679605
f8686b41f44f,28f40919fc72,39,1685237081405,38708,85021604,460,1879701,86679605
f8686b41f44f,28f40919fc72,20,1685237091274,38708,85021604,460,1879701,86679605
f8686b41f44f,28f40919fc72,2,1685237141349,38708,85021604,460,1879701,86679605
f8686b41f44f,28f40919fc72,18,1685237141352,38708,85021604,460,1879701,86679605
f8686b41f44f,28f40919fc72,36,1685237141379,38708,85021604,460,1879701,86679605
f8686b41f44f,28f40919fc72,39,1685237141415,38708,85021604,460,1879701,86679605
f8686b41f44f,28f40919fc72,39,1685237143333,38708,85021597,460,1879701,86679605
f8686b41f44f,28f40919fc72,39,1685237149650,38708,85021083,460,1879701,86679605
f8686b41f44f,28f40919fc72,14,1685237152735,38708,116699097,460,1879701,86679605
f8686b41f44f,28f40919fc72,39,1685237152744,38708,116699097,460,1879701,86679605
f8686b41f44f,28f40919fc72,14,1685237157349,38844,116411866,460,1879701,86679605
f8686b41f44f,28f40919fc72,5,1685237157384,38844,116411866,460,1879701,86679605
f8686b41f44f,28f40919fc72,14,1685237158559,38708,251465304,460,1879701,86679605
f8686b41f44f,28f40919fc72,39,1685237158572,38708,251465304,460,1879701,86679605
f8686b41f44f,28f40919fc72,39,1685237162319,38708,116701659,460,1879701,86679605
f8686b41f44f,28f40919fc72,14,1685237163699,38844,116411866,460,1879701,86679605
f8686b41f44f,28f40919fc72,14,1685237167529,38708,116699097,460,1879701,86679605
f8686b41f44f,28f40919fc72,39,1685237167539,38708,116699097,460,1879701,86679605
f8686b41f44f,28f40919fc72,39,1685237168803,38708,116701657,460,1879701,86679605
f8686b41f44f,28f40919fc72,20,1685237207712,38708,116701657,460,1879701,86679605
f8686b41f44f,28f40919fc72,5,1685237215789,38708,116701657,460,1879701,86679605
f8686b41f44f,28f40919fc72,20,1685237215862,38708,116701657,460,1879701,86679605
f8686b41f44f,28f40919fc72,20,1685237251078,38844,116517337,460,1879701,86679605
f8686b41f44f,28f40919fc72,2,1685237371174,38844,116718811,460,1879701,86679605
f8686b41f44f,28f40919fc72,36,1685237371204,38844,116718811,460,1879701,86679605
f8686b41f44f,28f40919fc72,39,1685237371245,38844,116718811,460,1879701,86679605
f8686b41f44f,28f40919fc72,14,1685237389629,38696,250663776,460,1879701,86679605
f8686b41f44f,28f40919fc72,39,1685237389640,38696,250663776,460,1879701,86679605
f8686b41f44f,28f40919fc72,20,1685237399564,38696,250663776,460,1879701,86679605
f8686b41f44f,28f40919fc72,2,1685237595079,38696,251542874,460,1879701,86679605
f8686b41f44f,28f40919fc72,18,1685237595082,38696,251542874,460,1879701,86679605
f8686b41f44f,28f40919fc72,36,1685237595104,38696,251542874,460,1879701,86679605
f8686b41f44f,28f40919fc72,14,1685237608392,38706,85078944,460,1879701,86679605
f8686b41f44f,28f40919fc72,39,1685237608404,38706,85078944,460,1879701,86679605
f8686b41f44f,28f40919fc72,5,1685237608419,38706,85078944,460,1879701,86679605
f8686b41f44f,28f40919fc72,5,1685237626034,38842,161665568,460,1879701,86679605
f8686b41f44f,28f40919fc72,20,1685237626124,38842,161665568,460,1879701,86679605
f8686b41f44f,28f40919fc72,39,1685237657839,38842,251587684,460,1879701,86679605
f8686b41f44f,28f40919fc72,14,1685237659964,38842,250670948,460,1879701,86679605
f8686b41f44f,28f40919fc72,39,1685237659976,38842,250670948,460,1879701,86679605
f8686b41f44f,28f40919fc72,4,1685237694255,38842,251587673,460,1879701,86679605
f8686b41f44f,28f40919fc72,18,1685237694943,38842,251587673,460,1879701,86679605
f8686b41f44f,28f40919fc72,36,1685237695054,38842,251587673,460,1879701,86679605
f8686b41f44f,28f40919fc72,20,1685237706867,38842,251587673,460,1879701,86679605
f8686b41f44f,28f40919fc72,4,1685237715640,38842,251587673,460,1879701,86679605
f8686b41f44f,28f40919fc72,18,1685237716702,38842,251587673,460,1879701,86679605
f8686b41f44f,28f40919fc72,39,1685237716759,38842,251587673,460,1879701,86679605
f8686b41f44f,28f40919fc72,14,1685237720959,38842,161577247,460,1879701,86679605
f8686b41f44f,28f40919fc72,39,1685237720970,38842,161577247,460,1879701,86679605
f8686b41f44f,28f40919fc72,20,1685237730885,38842,161577247,460,1879701,86679605
f8686b41f44f,28f40919fc72,5,1685237754021,38710,251574371,460,1879701,86679605
f8686b41f44f,28f40919fc72,20,1685237754088,38710,251574371,460,1879701,86679605
f8686b41f44f,28f40919fc72,5,1685237880749,38842,161577246,460,1879701,86679605
f8686b41f44f,28f40919fc72,20,1685237880836,38842,161577246,460,1879701,86679605
f8686b41f44f,28f40919fc72,5,1685237883301,38710,251574367,460,1879701,86679605
f8686b41f44f,28f40919fc72,2,1685237883793,38710,251574367,460,1879701,86679605
f8686b41f44f,28f40919fc72,18,1685237883796,38710,251574367,460,1879701,86679605
f8686b41f44f,28f40919fc72,36,1685237883816,38710,251574367,460,1879701,86679605
f8686b41f44f,28f40919fc72,2,1685237898739,38710,250634584,460,1879701,86679605
f8686b41f44f,28f40919fc72,18,1685237898742,38710,250634584,460,1879701,86679605
f8686b41f44f,28f40919fc72,5,1685237909529,38710,85059992,460,1879701,86679605
f8686b41f44f,28f40919fc72,20,1685237909533,38710,250634584,460,1879701,86679605
f8686b41f44f,28f40919fc72,36,1685237928246,38710,251574367,460,1879701,86679605
f8686b41f44f,28f40919fc72,39,1685237928268,38710,251574367,460,1879701,86679605
f8686b41f44f,28f40919fc72,13,1685237936823,38710,251574367,460,1879701,86679605
f8686b41f44f,28f40919fc72,11,1685238007639,38710,251574367,460,1879701,86679605
f8686b41f44f,28f40919fc72,36,1685238021489,38710,251574367,460,1879701,86679605
f8686b41f44f,28f40919fc72,4,1685238042340,38710,251574367,460,1879701,86679605
f8686b41f44f,28f40919fc72,36,1685238043131,38710,251574367,460,1879701,86679605
f8686b41f44f,28f40919fc72,4,1685238069239,38710,251574367,460,1879701,86679605
f8686b41f44f,28f40919fc72,2,1685238069988,38710,251574367,460,1879701,86679605
f8686b41f44f,28f40919fc72,36,1685238070016,38710,251574367,460,1879701,86679605
f8686b41f44f,28f40919fc72,39,1685238070040,38710,251574367,460,1879701,86679605
f8686b41f44f,28f40919fc72,39,1685238077003,38710,85588121,460,1879701,86679605
f8686b41f44f,28f40919fc72,39,1685238083361,38710,85588123,460,1879701,86679605
f8686b41f44f,28f40919fc72,20,1685238093273,38710,85588123,460,1879701,86679605
f8686b41f44f,28f40919fc72,2,1685238139259,38710,85588126,460,1879701,86679605
f8686b41f44f,28f40919fc72,18,1685238139262,38710,85588126,460,1879701,86679605
f8686b41f44f,28f40919fc72,36,1685238139291,38710,85588126,460,1879701,86679605
f8686b41f44f,28f40919fc72,39,1685238139342,38710,85588126,460,1879701,86679605
f8686b41f44f,28f40919fc72,20,1685238149194,38710,85588126,460,1879701,86679605
f8686b41f44f,28f40919fc72,2,1685238149935,38710,85588126,460,1879701,86679605
f8686b41f44f,28f40919fc72,18,1685238149938,38710,85588126,460,1879701,86679605
f8686b41f44f,28f40919fc72,36,1685238149967,38710,85588126,460,1879701,86679605
f8686b41f44f,28f40919fc72,39,1685238150000,38710,85588126,460,1879701,86679605
f8686b41f44f,28f40919fc72,20,1685238159882,38710,85588126,460,1879701,86679605
f8686b41f44f,28f40919fc72,18,1685238200543,38710,85588126,460,1879701,86679605
f8686b41f44f,28f40919fc72,36,1685238200571,38710,85588126,460,1879701,86679605
f8686b41f44f,28f40919fc72,39,1685238200594,38710,85588126,460,1879701,86679605
f8686b41f44f,28f40919fc72,20,1685238210489,38710,85588126,460,1879701,86679605
f8686b41f44f,28f40919fc72,18,1685238311222,38710,85588126,460,1879701,86679605
f8686b41f44f,28f40919fc72,36,1685238311244,38710,85588126,460,1879701,86679605
f8686b41f44f,28f40919fc72,39,1685238311277,38710,85588126,460,1879701,86679605
f8686b41f44f,28f40919fc72,2,1685238350242,38710,85588126,460,1879701,86679605
f8686b41f44f,28f40919fc72,36,1685238350279,38710,85588126,460,1879701,86679605
f8686b41f44f,28f40919fc72,39,1685238350304,38710,85588126,460,1879701,86679605
f8686b41f44f,28f40919fc72,36,1685238428419,38710,85588126,460,1879701,86679605
f8686b41f44f,28f40919fc72,39,1685238428457,38710,85588126,460,1879701,86679605
f8686b41f44f,28f40919fc72,2,1685238493661,38710,85588126,460,1879701,86679605
f8686b41f44f,28f40919fc72,36,1685238493697,38710,85588126,460,1879701,86679605
f8686b41f44f,28f40919fc72,39,1685238547474,38710,85588126,460,1879701,86679605
f8686b41f44f,28f40919fc72,34,1685238563277,38710,85588126,460,1879701,86679605
f8686b41f44f,28f40919fc72,21,1685238591000,38710,85588126,460,1879701,86679605
f8686b41f44f,28f40919fc72,20,1685238657344,38710,85588126,460,1879701,86679605
f8686b41f44f,28f40919fc72,2,1685238658034,38710,85588126,460,1879701,86679605
f8686b41f44f,28f40919fc72,18,1685238658037,38710,85588126,460,1879701,86679605
f8686b41f44f,28f40919fc72,39,1685238658088,38710,85588126,460,1879701,86679605
f8686b41f44f,28f40919fc72,2,1685238680539,38710,85588126,460,1879701,86679605
f8686b41f44f,28f40919fc72,36,1685238680570,38710,85588126,460,1879701,86679605
f8686b41f44f,28f40919fc72,39,1685238680594,38710,85588126,460,1879701,86679605
f8686b41f44f,28f40919fc72,20,1685238690498,38710,85588126,460,1879701,86679605
f8686b41f44f,28f40919fc72,2,1685238693339,38710,85588126,460,1879701,86679605
f8686b41f44f,28f40919fc72,18,1685238693344,38710,85588126,460,1879701,86679605
f8686b41f44f,28f40919fc72,39,1685238693390,38710,85588126,460,1879701,86679605
f8686b41f44f,28f40919fc72,20,1685238720269,38710,85588126,460,1879701,86679605
f8686b41f44f,28f40919fc72,39,1685238763902,38710,85588126,460,1879701,86679605
f8686b41f44f,28f40919fc72,20,1685238773641,38710,85588126,460,1879701,86679605
f8686b41f44f,28f40919fc72,2,1685238807109,38710,85588126,460,1879701,86679605
f8686b41f44f,28f40919fc72,18,1685238807114,38710,85588126,460,1879701,86679605
f8686b41f44f,28f40919fc72,39,1685238807160,38710,85588126,460,1879701,86679605
f8686b41f44f,28f40919fc72,20,1685238817092,38710,85588126,460,1879701,86679605
f8686b41f44f,28f40919fc72,2,1685238825179,38710,85588126,460,1879701,86679605
f8686b41f44f,28f40919fc72,36,1685238825211,38710,85588126,460,1879701,86679605
f8686b41f44f,28f40919fc72,39,1685238825244,38710,85588126,460,1879701,86679605
f8686b41f44f,28f40919fc72,2,1685238856979,38710,85588126,460,1879701,86679605
f8686b41f44f,28f40919fc72,18,1685238856983,38710,85588126,460,1879701,86679605
f8686b41f44f,28f40919fc72,36,1685238857010,38710,85588126,460,1879701,86679605
f8686b41f44f,28f40919fc72,39,1685238857035,38710,85588126,460,1879701,86679605
f8686b41f44f,28f40919fc72,2,1685238947247,38710,85588126,460,1879701,86679605
f8686b41f44f,28f40919fc72,18,1685238947250,38710,85588126,460,1879701,86679605
f8686b41f44f,28f40919fc72,36,1685238947277,38710,85588126,460,1879701,86679605
f8686b41f44f,28f40919fc72,39,1685238947314,38710,85588126,460,1879701,86679605
f8686b41f44f,28f40919fc72,20,1685238960186,38710,85588126,460,1879701,86679605
f8686b41f44f,28f40919fc72,2,1685238960434,38710,85588126,460,1879701,86679605
f8686b41f44f,28f40919fc72,18,1685238960438,38710,85588126,460,1879701,86679605
f8686b41f44f,28f40919fc72,36,1685238960465,38710,85588126,460,1879701,86679605
f8686b41f44f,28f40919fc72,39,1685238960495,38710,85588126,460,1879701,86679605
f8686b41f44f,28f40919fc72,2,1685238978785,38710,85588126,460,1879701,86679605
f8686b41f44f,28f40919fc72,36,1685238978821,38710,85588126,460,1879701,86679605
f8686b41f44f,28f40919fc72,39,1685238978852,38710,85588126,460,1879701,86679605
f8686b41f44f,28f40919fc72,20,1685238991755,38710,85588126,460,1879701,86679605
f8686b41f44f,28f40919fc72,2,1685239041499,38710,85588126,460,1879701,86679605
f8686b41f44f,28f40919fc72,36,1685239041619,38710,85588126,460,1879701,86679605
f8686b41f44f,28f40919fc72,39,1685239041644,38710,85588126,460,1879701,86679605
f8686b41f44f,28f40919fc72,20,1685239053405,38710,85588126,460,1879701,86679605
f8686b41f44f,28f40919fc72,18,1685239068242,38710,85588126,460,1879701,86679605
f8686b41f44f,28f40919fc72,39,1685239068300,38710,85588126,460,1879701,86679605
f8686b41f44f,28f40919fc72,20,1685239078158,38710,85588126,460,1879701,86679605
f8686b41f44f,28f40919fc72,4,1685239094856,38710,85588126,460,1879701,86679605
f8686b41f44f,28f40919fc72,2,1685239095265,38710,85588126,460,1879701,86679605
f8686b41f44f,28f40919fc72,18,1685239095268,38710,85588126,460,1879701,86679605
f8686b41f44f,28f40919fc72,39,1685239095322,38710,85588126,460,1879701,86679605
f8686b41f44f,28f40919fc72,20,1685239105149,38710,85588126,460,1879701,86679605
f8686b41f44f,28f40919fc72,2,1685239173346,38710,85588126,460,1879701,86679605
f8686b41f44f,28f40919fc72,18,1685239173349,38710,85588126,460,1879701,86679605
f8686b41f44f,28f40919fc72,39,1685239173413,38710,85588126,460,1879701,86679605
f8686b41f44f,28f40919fc72,20,1685239183275,38710,85588126,460,1879701,86679605
f8686b41f44f,28f40919fc72,2,1685239246346,38710,85588126,460,1879701,86679605
f8686b41f44f,28f40919fc72,18,1685239246350,38710,85588126,460,1879701,86679605
f8686b41f44f,28f40919fc72,36,1685239246381,38710,85588126,460,1879701,86679605
f8686b41f44f,28f40919fc72,39,1685239246416,38710,85588126,460,1879701,86679605
f8686b41f44f,28f40919fc72,20,1685239256267,38710,85588126,460,1879701,86679605
f8686b41f44f,28f40919fc72,2,1685239279199,38710,85588126,460,1879701,86679605
f8686b41f44f,28f40919fc72,36,1685239279230,38710,85588126,460,1879701,86679605
f8686b41f44f,28f40919fc72,39,1685239279254,38710,85588126,460,1879701,86679605
f8686b41f44f,28f40919fc72,20,1685239291162,38710,85588126,460,1879701,86679605
f8686b41f44f,28f40919fc72,2,1685239294947,38710,85588126,460,1879701,86679605
f8686b41f44f,28f40919fc72,18,1685239294950,38710,85588126,460,1879701,86679605
f8686b41f44f,28f40919fc72,36,1685239294982,38710,85588126,460,1879701,86679605
f8686b41f44f,28f40919fc72,39,1685239295012,38710,85588126,460,1879701,86679605
f8686b41f44f,28f40919fc72,4,1685239396490,38710,85588126,460,1879701,86679605
f8686b41f44f,28f40919fc72,2,1685239397344,38710,85588126,460,1879701,86679605
f8686b41f44f,28f40919fc72,18,1685239397347,38710,85588126,460,1879701,86679605
f8686b41f44f,28f40919fc72,36,1685239397376,38710,85588126,460,1879701,86679605
f8686b41f44f,28f40919fc72,39,1685239397414,38710,85588126,460,1879701,86679605
f8686b41f44f,28f40919fc72,39,1685239421130,38710,85588128,460,1879701,86679605
f8686b41f44f,28f40919fc72,14,1685239432619,38710,251574364,460,1879701,86679605
f8686b41f44f,28f40919fc72,39,1685239432628,38710,251574364,460,1879701,86679605
f8686b41f44f,28f40919fc72,2,1685239447259,38710,251574364,460,1879701,86679605
f8686b41f44f,28f40919fc72,18,1685239447261,38710,251574364,460,1879701,86679605
f8686b41f44f,28f40919fc72,39,1685239447304,38710,251574364,460,1879701,86679605
f8686b41f44f,28f40919fc72,20,1685239457649,38710,85697187,460,1879701,86679605
f8686b41f44f,28f40919fc72,4,1685239458248,38710,85697187,460,1879701,86679605
f8686b41f44f,28f40919fc72,39,1685239458829,38710,85697187,460,1879701,86679605
f8686b41f44f,28f40919fc72,18,1685239478003,38710,116421338,460,1879701,86679605
f8686b41f44f,28f40919fc72,36,1685239478054,38710,116421338,460,1879701,86679605
f8686b41f44f,28f40919fc72,39,1685239478079,38710,116421338,460,1879701,86679605
f8686b41f44f,28f40919fc72,39,1685239511129,38710,116421338,460,1879701,86679605
f8686b41f44f,28f40919fc72,2,1685239547199,38710,251574364,460,1879701,86679605
f8686b41f44f,28f40919fc72,14,1685239548989,38710,116423384,460,1879701,86679605
f8686b41f44f,28f40919fc72,39,1685239549000,38710,116423384,460,1879701,86679605
f8686b41f44f,28f40919fc72,14,1685239552850,38710,250714718,460,1879701,86679605
f8686b41f44f,28f40919fc72,39,1685239552864,38710,250714718,460,1879701,86679605
f8686b41f44f,28f40919fc72,14,1685239558579,38710,84944793,460,1879701,86679605
f8686b41f44f,28f40919fc72,14,1685239561819,38710,84942233,460,1879701,86679605
f8686b41f44f,28f40919fc72,14,1685239564489,38710,116861147,460,1879701,86679605
f8686b41f44f,28f40919fc72,14,1685239565748,38710,116861400,460,1879701,86679605
f8686b41f44f,28f40919fc72,39,1685239565758,38710,116861400,460,1879701,86679605
f8686b41f44f,28f40919fc72,14,1685239569279,38710,116861144,460,1879701,86679605
f8686b41f44f,28f40919fc72,39,1685239569288,38710,116861144,460,1879701,86679605
f8686b41f44f,28f40919fc72,14,1685239571686,38710,250714653,460,1879701,86679605
f8686b41f44f,28f40919fc72,39,1685239572899,38839,250714715,460,1879701,86679605
f8686b41f44f,28f40919fc72,20,1685239586109,38839,250714654,460,1879701,86679605
f8686b41f44f,28f40919fc72,2,1685239847194,38710,250740830,460,1879701,86679605
f8686b41f44f,28f40919fc72,18,1685239847197,38710,250740830,460,1879701,86679605
f8686b41f44f,28f40919fc72,39,1685239847263,38710,250740830,460,1879701,86679605
f8686b41f44f,28f40919fc72,20,1685239878196,38710,250740827,460,1879701,86679605
f8686b41f44f,28f40919fc72,20,1685239893852,38710,250740827,460,1879701,86679605
f8686b41f44f,28f40919fc72,4,1685239912077,38710,116691929,460,1879701,86679605
f8686b41f44f,28f40919fc72,2,1685239914473,38710,116691929,460,1879701,86679605
f8686b41f44f,28f40919fc72,39,1685239914529,38710,116691929,460,1879701,86679605
f8686b41f44f,28f40919fc72,39,1685239929299,38746,116691930,460,1879701,86679605
f8686b41f44f,28f40919fc72,14,1685239942318,38710,251144538,460,1879701,86679605
f8686b41f44f,28f40919fc72,39,1685239942327,38710,251144538,460,1879701,86679605
f8686b41f44f,28f40919fc72,14,1685239945428,38710,116691930,460,1879701,86679605
f8686b41f44f,28f40919fc72,14,1685239947768,38710,251144538,460,1879701,86679605
f8686b41f44f,28f40919fc72,14,1685239956728,38710,162107162,460,1879701,86679605
f8686b41f44f,28f40919fc72,39,1685239965359,38710,162107161,460,1879701,86679605
f8686b41f44f,28f40919fc72,20,1685239975301,38710,162107161,460,1879701,86679605
f8686b41f44f,28f40919fc72,2,1685239996403,38710,162107161,460,1879701,86679605
f8686b41f44f,28f40919fc72,18,1685239996406,38710,162107161,460,1879701,86679605
f8686b41f44f,28f40919fc72,36,1685239996428,38710,162107161,460,1879701,86679605
f8686b41f44f,28f40919fc72,39,1685239996473,38710,162107161,460,1879701,86679605
f8686b41f44f,28f40919fc72,20,1685240007203,38710,162107160,460,1879701,86679605
f8686b41f44f,28f40919fc72,5,1685240040108,38841,250780761,460,1879701,86679605
f8686b41f44f,28f40919fc72,20,1685240040137,38841,250780761,460,1879701,86679605
f8686b41f44f,28f40919fc72,18,1685240188378,38841,116851418,460,1879701,86679605
f8686b41f44f,28f40919fc72,36,1685240188403,38841,116851418,460,1879701,86679605
f8686b41f44f,28f40919fc72,39,1685240188433,38841,116851418,460,1879701,86679605
f8686b41f44f,28f40919fc72,20,1685240210270,38841,116851418,460,1879701,86679605
f8686b41f44f,28f40919fc72,18,1685240225922,38841,116851418,460,1879701,86679605
f8686b41f44f,28f40919fc72,4,1685240346161,38841,116851418,460,1879701,86679605
f8686b41f44f,28f40919fc72,36,1685240347128,38841,116851418,460,1879701,86679605
f8686b41f44f,28f40919fc72,20,1685240367061,38841,116851418,460,1879701,86679605
f8686b41f44f,28f40919fc72,18,1685240367965,38841,116851418,460,1879701,86679605
f8686b41f44f,28f40919fc72,36,1685240367998,38841,116851418,460,1879701,86679605
f8686b41f44f,28f40919fc72,39,1685240368029,38841,116851418,460,1879701,86679605
f8686b41f44f,28f40919fc72,20,1685240392903,38841,116851418,460,1879701,86679605
f8686b41f44f,28f40919fc72,4,1685240428492,38841,116851418,460,1879701,86679605
f8686b41f44f,28f40919fc72,2,1685240429013,38841,116851418,460,1879701,86679605
f8686b41f44f,28f40919fc72,39,1685240429088,38841,116851418,460,1879701,86679605
f8686b41f44f,28f40919fc72,2,1685240542424,38841,116851418,460,1879701,86679605
f8686b41f44f,28f40919fc72,20,1685240579404,38841,116851418,460,1879701,86679605
f8686b41f44f,28f40919fc72,2,1685240633818,38841,116851418,460,1879701,86679605
f8686b41f44f,28f40919fc72,18,1685240633822,38841,116851418,460,1879701,86679605
f8686b41f44f,28f40919fc72,36,1685240633848,38841,116851418,460,1879701,86679605
f8686b41f44f,28f40919fc72,39,1685240633873,38841,116851418,460,1879701,86679605
f8686b41f44f,28f40919fc72,20,1685240653768,38841,116851418,460,1879701,86679605
f8686b41f44f,28f40919fc72,18,1685240669171,38841,116851418,460,1879701,86679605
f8686b41f44f,28f40919fc72,36,1685240669198,38841,116851418,460,1879701,86679605
f8686b41f44f,28f40919fc72,39,1685240669228,38841,116851418,460,1879701,86679605
f8686b41f44f,28f40919fc72,4,1685240720757,38841,116851418,460,1879701,86679605
f8686b41f44f,28f40919fc72,18,1685240720856,38841,116851418,460,1879701,86679605
f8686b41f44f,28f40919fc72,36,1685240720968,38841,116851418,460,1879701,86679605
f8686b41f44f,28f40919fc72,39,1685240721008,38841,116851418,460,1879701,86679605
f8686b41f44f,28f40919fc72,20,1685240740789,38841,116851418,460,1879701,86679605
f8686b41f44f,28f40919fc72,36,1685240797018,38841,116851418,460,1879701,86679605
f8686b41f44f,28f40919fc72,39,1685240797043,38841,116851418,460,1879701,86679605
f8686b41f44f,28f40919fc72,20,1685240879882,38841,116851418,460,1879701,86679605
f8686b41f44f,28f40919fc72,4,1685240895161,38841,116851418,460,1879701,86679605
f8686b41f44f,28f40919fc72,18,1685240896230,38841,116851418,460,1879701,86679605
f8686b41f44f,28f40919fc72,39,1685240896358,38841,116851418,460,1879701,86679605
f8686b41f44f,28f40919fc72,2,1685240918003,38841,116851418,460,1879701,86679605
f8686b41f44f,28f40919fc72,36,1685240918038,38841,116851418,460,1879701,86679605
f8686b41f44f,28f40919fc72,2,1685240948713,38841,116851418,460,1879701,86679605
f8686b41f44f,28f40919fc72,20,1685241062350,38710,116851416,460,1879701,86679605
f8686b41f44f,28f40919fc72,4,1685241077041,38841,116851416,460,1879701,86679605
f8686b41f44f,28f40919fc72,2,1685241077993,38841,116851416,460,1879701,86679605
f8686b41f44f,28f40919fc72,18,1685241077997,38841,116851416,460,1879701,86679605
f8686b41f44f,28f40919fc72,39,1685241078068,38841,116851416,460,1879701,86679605
f8686b41f44f,28f40919fc72,39,1685241080659,38710,116851417,460,1879701,86679605
f8686b41f44f,28f40919fc72,39,1685241084069,38710,162107160,460,1879701,86679605
f8686b41f44f,28f40919fc72,20,1685241093929,38710,162107160,460,1879701,86679605
f8686b41f44f,28f40919fc72,18,1685241094397,38841,250780761,460,1879701,86679605
f8686b41f44f,28f40919fc72,36,1685241094423,38841,250780761,460,1879701,86679605
f8686b41f44f,28f40919fc72,39,1685241094453,38841,250780761,460,1879701,86679605
f8686b41f44f,28f40919fc72,20,1685241104291,38841,250780761,460,1879701,86679605
f8686b41f44f,28f40919fc72,2,1685241220809,38710,161496089,460,1879701,86679605
f8686b41f44f,28f40919fc72,18,1685241220812,38710,161496089,460,1879701,86679605
f8686b41f44f,28f40919fc72,20,1685241230695,38710,161496089,460,1879701,86679605
f8686b41f44f,28f40919fc72,18,1685241231198,38710,161496089,460,1879701,86679605
f8686b41f44f,28f40919fc72,39,1685241231278,38710,161496089,460,1879701,86679605
f8686b41f44f,28f40919fc72,20,1685241247098,38710,161496089,460,1879701,86679605
f8686b41f44f,28f40919fc72,2,1685241248351,38710,161496089,460,1879701,86679605
f8686b41f44f,28f40919fc72,36,1685241248386,38710,161496089,460,1879701,86679605
f8686b41f44f,28f40919fc72,39,1685241248435,38710,161496089,460,1879701,86679605
f8686b41f44f,28f40919fc72,4,1685241285280,38710,162107160,460,1879701,86679605
f8686b41f44f,28f40919fc72,2,1685241287928,38710,162107160,460,1879701,86679605
f8686b41f44f,28f40919fc72,18,1685241287931,38710,162107160,460,1879701,86679605
f8686b41f44f,28f40919fc72,36,1685241287948,38710,162107160,460,1879701,86679605
f8686b41f44f,28f40919fc72,39,1685241287994,38710,162107160,460,1879701,86679605
f8686b41f44f,28f40919fc72,20,1685241299826,38710,162107160,460,1879701,86679605
f8686b41f44f,28f40919fc72,39,1685241309743,38710,162107160,460,1879701,86679605
f8686b41f44f,28f40919fc72,18,1685241336572,38710,162107161,460,1879701,86679605
f8686b41f44f,28f40919fc72,36,1685241336778,38710,162107161,460,1879701,86679605
f8686b41f44f,28f40919fc72,39,1685241344309,38710,162107162,460,1879701,86679605
f8686b41f44f,28f40919fc72,20,1685241354266,38710,162107162,460,1879701,86679605
f8686b41f44f,28f40919fc72,4,1685241362604,38710,251144538,460,1879701,86679605
f8686b41f44f,28f40919fc72,2,1685241364698,38710,251144538,460,1879701,86679605
f8686b41f44f,28f40919fc72,18,1685241364701,38710,251144538,460,1879701,86679605
f8686b41f44f,28f40919fc72,36,1685241364723,38710,251144538,460,1879701,86679605
f8686b41f44f,28f40919fc72,14,1685241368318,38710,116691930,460,1879701,86679605
f8686b41f44f,28f40919fc72,14,1685241369898,38710,251144538,460,1879701,86679605
f8686b41f44f,28f40919fc72,14,1685241376158,38710,116691930,460,1879701,86679605
f8686b41f44f,28f40919fc72,39,1685241376169,38710,116691930,460,1879701,86679605
f8686b41f44f,28f40919fc72,20,1685241429646,38746,116691929,460,1879701,86679605
f8686b41f44f,28f40919fc72,36,1685241505553,38710,116691929,460,1879701,86679605
f8686b41f44f,28f40919fc72,20,1685241538435,38710,116691929,460,1879701,86679605
f8686b41f44f,28f40919fc72,36,1685241574678,38710,85223320,460,1879701,86679605
f8686b41f44f,28f40919fc72,39,1685241574703,38710,85223320,460,1879701,86679605
f8686b41f44f,28f40919fc72,14,1685241576727,38710,250740826,460,1879701,86679605
f8686b41f44f,28f40919fc72,14,1685241584172,38710,250784350,460,1879701,86679605
f8686b41f44f,28f40919fc72,39,1685241584184,38710,250784350,460,1879701,86679605
f8686b41f44f,28f40919fc72,14,1685241586097,38710,250740825,460,1879701,86679605
f8686b41f44f,28f40919fc72,39,1685241589903,38710,250784350,460,1879701,86679605
f8686b41f44f,28f40919fc72,36,1685241618323,38710,250740835,460,1879701,86679605
f8686b41f44f,28f40919fc72,4,1685241686271,38710,85026203,460,1879701,86679605
f8686b41f44f,28f40919fc72,2,1685241688559,38710,85026203,460,1879701,86679605
f8686b41f44f,28f40919fc72,36,1685241688588,38710,85026203,460,1879701,86679605
f8686b41f44f,28f40919fc72,39,1685241688613,38710,85026203,460,1879701,86679605
f8686b41f44f,28f40919fc72,2,1685241699168,38710,85026203,460,1879701,86679605
f8686b41f44f,28f40919fc72,39,1685241699225,38710,85026203,460,1879701,86679605
f8686b41f44f,28f40919fc72,20,1685241747150,38710,85026203,460,1879701,86679605
f8686b41f44f,28f40919fc72,2,1685241816563,38710,85026203,460,1879701,86679605
f8686b41f44f,28f40919fc72,18,1685241816566,38710,85026203,460,1879701,86679605
f8686b41f44f,28f40919fc72,36,1685241816593,38710,85026203,460,1879701,86679605
f8686b41f44f,28f40919fc72,39,1685241816628,38710,85026203,460,1879701,86679605
f8686b41f44f,28f40919fc72,14,1685241822468,38839,85039512,460,1879701,86679605
f8686b41f44f,28f40919fc72,39,1685241822477,38839,85039512,460,1879701,86679605
f8686b41f44f,28f40919fc72,5,1685241822523,38839,85039512,460,1879701,86679605
f8686b41f44f,28f40919fc72,2,1685241889518,38710,116861401,460,1879701,86679605
f8686b41f44f,28f40919fc72,36,1685241889553,38710,116861401,460,1879701,86679605
f8686b41f44f,28f40919fc72,39,1685241889593,38710,116861401,460,1879701,86679605
f8686b41f44f,28f40919fc72,14,1685241892098,38710,116448730,460,1879701,86679605
f8686b41f44f,28f40919fc72,39,1685241892110,38710,116448730,460,1879701,86679605
f8686b41f44f,28f40919fc72,5,1685241898199,38710,162120729,460,1879701,86679605
f8686b41f44f,28f40919fc72,20,1685241898203,38710,116448730,460,1879701,86679605
f8686b41f44f,28f40919fc72,20,1685241898225,38710,162120729,460,1879701,86679605
f8686b41f44f,28f40919fc72,2,1685241917164,38710,84942237,460,1879701,86679605
f8686b41f44f,28f40919fc72,18,1685241917167,38710,84942237,460,1879701,86679605
f8686b41f44f,28f40919fc72,39,1685241917225,38710,84942237,460,1879701,86679605
f8686b41f44f,28f40919fc72,14,1685241919269,38710,250714715,460,1879701,86679605
f8686b41f44f,28f40919fc72,39,1685241919283,38710,250714715,460,1879701,86679605
f8686b41f44f,28f40919fc72,18,1685241929451,38710,250714715,460,1879701,86679605
f8686b41f44f,28f40919fc72,39,1685241929525,38710,250714715,460,1879701,86679605
f8686b41f44f,28f40919fc72,14,1685241940915,38710,250714715,460,1879701,86679605
f8686b41f44f,28f40919fc72,39,1685241940925,38710,250714715,460,1879701,86679605
f8686b41f44f,28f40919fc72,20,1685241950871,38710,250714715,460,1879701,86679605
f8686b41f44f,28f40919fc72,39,1685241954026,38710,85588126,460,1879701,86679605
f8686b41f44f,28f40919fc72,20,1685241965842,38710,85588126,460,1879701,86679605
f8686b41f44f,28f40919fc72,4,1685241984529,38710,85588126,460,1879701,86679605
f8686b41f44f,28f40919fc72,2,1685241985505,38710,85588126,460,1879701,86679605
f8686b41f44f,28f40919fc72,18,1685241985508,38710,85588126,460,1879701,86679605
f8686b41f44f,28f40919fc72,36,1685241985536,38710,85588126,460,1879701,86679605
f8686b41f44f,28f40919fc72,39,1685241985568,38710,85588126,460,1879701,86679605
f8686b41f44f,28f40919fc72,20,1685241995425,38710,85588126,460,1879701,86679605
f8686b41f44f,28f40919fc72,4,1685242015080,38710,85588126,460,1879701,86679605
f8686b41f44f,28f40919fc72,18,1685242016224,38710,85588126,460,1879701,86679605
f8686b41f44f,28f40919fc72,39,1685242016268,38710,85588126,460,1879701,86679605
f8686b41f44f,28f40919fc72,4,1685242217608,38710,85588126,460,1879701,86679605
f8686b41f44f,28f40919fc72,2,1685242218224,38710,85588126,460,1879701,86679605
f8686b41f44f,28f40919fc72,18,1685242218227,38710,85588126,460,1879701,86679605
f8686b41f44f,28f40919fc72,36,1685242218257,38710,85588126,460,1879701,86679605
f8686b41f44f,28f40919fc72,39,1685242218287,38710,85588126,460,1879701,86679605
f8686b41f44f,28f40919fc72,39,1685242228792,38710,85588133,460,1879701,86679605
f8686b41f44f,28f40919fc72,20,1685242238651,38710,85588133,460,1879701,86679605
f8686b41f44f,28f40919fc72,2,1685242239819,38710,85588133,460,1879701,86679605
f8686b41f44f,28f40919fc72,39,1685242239879,38710,85588133,460,1879701,86679605
f8686b41f44f,28f40919fc72,20,1685242249796,38710,85588133,460,1879701,86679605
f8686b41f44f,28f40919fc72,18,1685242279334,38710,85588133,460,1879701,86679605
f8686b41f44f,28f40919fc72,36,1685242279364,38710,85588133,460,1879701,86679605
f8686b41f44f,28f40919fc72,39,1685242279396,38710,85588133,460,1879701,86679605
f8686b41f44f,28f40919fc72,20,1685242291270,38710,85588133,460,1879701,86679605
f8686b41f44f,28f40919fc72,2,1685242299101,38710,85588133,460,1879701,86679605
f8686b41f44f,28f40919fc72,39,1685242299165,38710,85588133,460,1879701,86679605
f8686b41f44f,28f40919fc72,18,1685242309527,38710,85588133,460,1879701,86679605
f8686b41f44f,28f40919fc72,36,1685242309551,38710,85588133,460,1879701,86679605
f8686b41f44f,28f40919fc72,39,1685242311902,38710,85588126,460,1879701,86679605
f8686b41f44f,28f40919fc72,18,1685242372069,38710,85588126,460,1879701,86679605
f8686b41f44f,28f40919fc72,4,1685242383757,38710,85588126,460,1879701,86679605
f8686b41f44f,28f40919fc72,2,1685242384864,38710,85588126,460,1879701,86679605
f8686b41f44f,28f40919fc72,18,1685242384868,38710,85588126,460,1879701,86679605
f8686b41f44f,28f40919fc72,4,1685242476220,38710,85588126,460,1879701,86679605
f8686b41f44f,28f40919fc72,18,1685242477027,38710,85588126,460,1879701,86679605
f8686b41f44f,28f40919fc72,20,1685242488973,38710,85588126,460,1879701,86679605
f8686b41f44f,28f40919fc72,2,1685242517978,38710,85588126,460,1879701,86679605
f8686b41f44f,28f40919fc72,18,1685242517982,38710,85588126,460,1879701,86679605
f8686b41f44f,28f40919fc72,36,1685242518008,38710,85588126,460,1879701,86679605
f8686b41f44f,28f40919fc72,39,1685242518033,38710,85588126,460,1879701,86679605
f8686b41f44f,28f40919fc72,39,1685242531105,38710,85588126,460,1879701,86679605
f8686b41f44f,28f40919fc72,20,1685242541003,38710,85588126,460,1879701,86679605
f8686b41f44f,28f40919fc72,4,1685242591575,38710,85588126,460,1879701,86679605
f8686b41f44f,28f40919fc72,2,1685242592220,38710,85588126,460,1879701,86679605
f8686b41f44f,28f40919fc72,18,1685242592224,38710,85588126,460,1879701,86679605
f8686b41f44f,28f40919fc72,36,1685242592256,38710,85588126,460,1879701,86679605
f8686b41f44f,28f40919fc72,39,1685242592294,38710,85588126,460,1879701,86679605
f8686b41f44f,28f40919fc72,4,1685242683370,38710,85588133,460,1879701,86679605
f8686b41f44f,28f40919fc72,2,1685242684386,38710,85588133,460,1879701,86679605
f8686b41f44f,28f40919fc72,18,1685242684390,38710,85588133,460,1879701,86679605
f8686b41f44f,28f40919fc72,39,1685242684526,38710,85588133,460,1879701,86679605
f8686b41f44f,28f40919fc72,20,1685242696284,38710,85588133,460,1879701,86679605
f8686b41f44f,28f40919fc72,2,1685242818138,38710,85588133,460,1879701,86679605
f8686b41f44f,28f40919fc72,2,1685242927581,38710,85588133,460,1879701,86679605
f8686b41f44f,28f40919fc72,18,1685242927585,38710,85588133,460,1879701,86679605
f8686b41f44f,28f40919fc72,36,1685242927616,38710,85588133,460,1879701,86679605
f8686b41f44f,28f40919fc72,20,1685242941522,38710,85588133,460,1879701,86679605
f8686b41f44f,28f40919fc72,2,1685243008219,38710,85588133,460,1879701,86679605
f8686b41f44f,28f40919fc72,18,1685243008222,38710,85588133,460,1879701,86679605
f8686b41f44f,28f40919fc72,36,1685243008249,38710,85588133,460,1879701,86679605
f8686b41f44f,28f40919fc72,39,1685243008284,38710,85588133,460,1879701,86679605
f8686b41f44f,28f40919fc72,2,1685243022306,38710,85588133,460,1879701,86679605
f8686b41f44f,28f40919fc72,18,1685243022310,38710,85588133,460,1879701,86679605
f8686b41f44f,28f40919fc72,36,1685243022340,38710,85588133,460,1879701,86679605
f8686b41f44f,28f40919fc72,39,1685243022371,38710,85588133,460,1879701,86679605
f8686b41f44f,28f40919fc72,4,1685243095562,38710,85588133,460,1879701,86679605
f8686b41f44f,28f40919fc72,2,1685243096545,38710,85588133,460,1879701,86679605
f8686b41f44f,28f40919fc72,18,1685243096548,38710,85588133,460,1879701,86679605
f8686b41f44f,28f40919fc72,36,1685243096578,38710,85588133,460,1879701,86679605
f8686b41f44f,28f40919fc72,39,1685243096613,38710,85588133,460,1879701,86679605
f8686b41f44f,28f40919fc72,4,1685243114424,38710,85588133,460,1879701,86679605
f8686b41f44f,28f40919fc72,18,1685243115748,38710,85588133,460,1879701,86679605
f8686b41f44f,28f40919fc72,36,1685243115859,38710,85588133,460,1879701,86679605
f8686b41f44f,28f40919fc72,2,1685243145575,38710,85588133,460,1879701,86679605
f8686b41f44f,28f40919fc72,18,1685243145578,38710,85588133,460,1879701,86679605
f8686b41f44f,28f40919fc72,36,1685243145609,38710,85588133,460,1879701,86679605
f8686b41f44f,28f40919fc72,20,1685243159512,38710,85588133,460,1879701,86679605
f8686b41f44f,28f40919fc72,4,1685243175937,38710,85588133,460,1879701,86679605
f8686b41f44f,28f40919fc72,36,1685243177221,38710,85588133,460,1879701,86679605
f8686b41f44f,28f40919fc72,20,1685243190086,38710,85588133,460,1879701,86679605
f8686b41f44f,28f40919fc72,2,1685243190293,38710,85588133,460,1879701,86679605
f8686b41f44f,28f40919fc72,36,1685243190326,38710,85588133,460,1879701,86679605
f8686b41f44f,28f40919fc72,39,1685243190364,38710,85588133,460,1879701,86679605
f8686b41f44f,28f40919fc72,39,1685243209265,38710,85588133,460,1879701,86679605
f8686b41f44f,28f40919fc72,4,1685243239766,38710,85588133,460,1879701,86679605
f8686b41f44f,28f40919fc72,2,1685243239906,38710,85588133,460,1879701,86679605
f8686b41f44f,28f40919fc72,18,1685243239908,38710,85588133,460,1879701,86679605
f8686b41f44f,28f40919fc72,36,1685243239941,38710,85588133,460,1879701,86679605
f8686b41f44f,28f40919fc72,20,1685243252874,38710,85588133,460,1879701,86679605
f8686b41f44f,28f40919fc72,2,1685243266778,38710,85588133,460,1879701,86679605
f8686b41f44f,28f40919fc72,18,1685243266782,38710,85588133,460,1879701,86679605
f8686b41f44f,28f40919fc72,20,1685243276721,38710,85588133,460,1879701,86679605
f8686b41f44f,28f40919fc72,4,1685243380799,38710,85588133,460,1879701,86679605
f8686b41f44f,28f40919fc72,20,1685243393949,38710,85588133,460,1879701,86679605
f8686b41f44f,28f40919fc72,2,1685243418140,38710,85588133,460,1879701,86679605
f8686b41f44f,28f40919fc72,18,1685243418142,38710,85588133,460,1879701,86679605
f8686b41f44f,28f40919fc72,36,1685243418171,38710,85588133,460,1879701,86679605
f8686b41f44f,28f40919fc72,20,1685243432079,38710,85588133,460,1879701,86679605
f8686b41f44f,28f40919fc72,4,1685243578201,38710,85588133,460,1879701,86679605
f8686b41f44f,28f40919fc72,2,1685243579098,38710,85588133,460,1879701,86679605
f8686b41f44f,28f40919fc72,18,1685243579101,38710,85588133,460,1879701,86679605
f8686b41f44f,28f40919fc72,36,1685243579128,38710,85588133,460,1879701,86679605
f8686b41f44f,28f40919fc72,39,1685243579153,38710,85588133,460,1879701,86679605
f8686b41f44f,28f40919fc72,20,1685243592058,38710,85588133,460,1879701,86679605
f8686b41f44f,28f40919fc72,2,1685243611105,38710,85588133,460,1879701,86679605
f8686b41f44f,28f40919fc72,36,1685243611135,38710,85588133,460,1879701,86679605
f8686b41f44f,28f40919fc72,39,1685243611168,38710,85588133,460,1879701,86679605
f8686b41f44f,28f40919fc72,20,1685243621026,38710,85588133,460,1879701,86679605
f8686b41f44f,28f40919fc72,4,1685243671724,38710,85588133,460,1879701,86679605
f8686b41f44f,28f40919fc72,2,1685243672545,38710,85588133,460,1879701,86679605
f8686b41f44f,28f40919fc72,39,1685243672617,38710,85588133,460,1879701,86679605
f8686b41f44f,28f40919fc72,20,1685243682496,38710,85588133,460,1879701,86679605
f8686b41f44f,28f40919fc72,2,1685243719124,38710,85588133,460,1879701,86679605
f8686b41f44f,28f40919fc72,36,1685243719153,38710,85588133,460,1879701,86679605
f8686b41f44f,28f40919fc72,20,1685243731077,38710,85588133,460,1879701,86679605
f8686b41f44f,28f40919fc72,2,1685243731449,38710,85588133,460,1879701,86679605
f8686b41f44f,28f40919fc72,39,1685243731511,38710,85588133,460,1879701,86679605
f8686b41f44f,28f40919fc72,4,1685243816847,38710,85588133,460,1879701,86679605
f8686b41f44f,28f40919fc72,18,1685243817183,38710,85588133,460,1879701,86679605
f8686b41f44f,28f40919fc72,36,1685243817209,38710,85588133,460,1879701,86679605
f8686b41f44f,28f40919fc72,20,1685243829135,38710,85588133,460,1879701,86679605
f8686b41f44f,28f40919fc72,36,1685243865930,38710,85588133,460,1879701,86679605
f8686b41f44f,28f40919fc72,20,1685243875770,38710,85588133,460,1879701,86679605
f8686b41f44f,28f40919fc72,18,1685243876379,38710,85588133,460,1879701,86679605
f8686b41f44f,28f40919fc72,36,1685243876409,38710,85588133,460,1879701,86679605
f8686b41f44f,28f40919fc72,39,1685243876443,38710,85588133,460,1879701,86679605
f8686b41f44f,28f40919fc72,20,1685243889259,38710,85588133,460,1879701,86679605
f8686b41f44f,28f40919fc72,2,1685243899108,38710,85588133,460,1879701,86679605
f8686b41f44f,28f40919fc72,39,1685243899168,38710,85588133,460,1879701,86679605
f8686b41f44f,28f40919fc72,20,1685243908999,38710,85588133,460,1879701,86679605
f8686b41f44f,28f40919fc72,2,1685244018165,38710,85588133,460,1879701,86679605
f8686b41f44f,28f40919fc72,20,1685244032092,38710,85588133,460,1879701,86679605
f8686b41f44f,28f40919fc72,4,1685244283776,38710,85588133,460,1879701,86679605
f8686b41f44f,28f40919fc72,2,1685244284377,38710,85588133,460,1879701,86679605
f8686b41f44f,28f40919fc72,18,1685244284382,38710,85588133,460,1879701,86679605
f8686b41f44f,28f40919fc72,36,1685244284488,38710,85588133,460,1879701,86679605
f8686b41f44f,28f40919fc72,39,1685244284518,38710,85588133,460,1879701,86679605
f8686b41f44f,28f40919fc72,18,1685244318127,38710,85588133,460,1879701,86679605
f8686b41f44f,28f40919fc72,36,1685244318162,38710,85588133,460,1879701,86679605
f8686b41f44f,28f40919fc72,39,1685244318191,38710,85588133,460,1879701,86679605
f8686b41f44f,28f40919fc72,20,1685244328066,38710,85588133,460,1879701,86679605
f8686b41f44f,28f40919fc72,36,1685244347140,38710,85588133,460,1879701,86679605
f8686b41f44f,28f40919fc72,20,1685244364007,38710,85588133,460,1879701,86679605
f8686b41f44f,28f40919fc72,4,1685244388444,38710,85588133,460,1879701,86679605
f8686b41f44f,28f40919fc72,2,1685244389346,38710,85588133,460,1879701,86679605
f8686b41f44f,28f40919fc72,36,1685244389374,38710,85588133,460,1879701,86679605
f8686b41f44f,28f40919fc72,39,1685244389410,38710,85588133,460,1879701,86679605
f8686b41f44f,28f40919fc72,20,1685244515315,38710,85588133,460,1879701,86679605
f8686b41f44f,28f40919fc72,4,1685244515562,38710,85588133,460,1879701,86679605
f8686b41f44f,28f40919fc72,20,1685244538937,38710,85588133,460,1879701,86679605
f8686b41f44f,28f40919fc72,2,1685244547128,38710,85588133,460,1879701,86679605
f8686b41f44f,28f40919fc72,18,1685244547131,38710,85588133,460,1879701,86679605
f8686b41f44f,28f40919fc72,36,1685244547154,38710,85588133,460,1879701,86679605
f8686b41f44f,28f40919fc72,39,1685244547179,38710,85588133,460,1879701,86679605
f8686b41f44f,28f40919fc72,20,1685244557054,38710,85588133,460,1879701,86679605
f8686b41f44f,28f40919fc72,2,1685244577500,38710,85588133,460,1879701,86679605
f8686b41f44f,28f40919fc72,18,1685244577502,38710,85588133,460,1879701,86679605
f8686b41f44f,28f40919fc72,36,1685244577626,38710,85588133,460,1879701,86679605
f8686b41f44f,28f40919fc72,39,1685244577661,38710,85588133,460,1879701,86679605
f8686b41f44f,28f40919fc72,2,1685244591564,38710,85588133,460,1879701,86679605
f8686b41f44f,28f40919fc72,18,1685244591568,38710,85588133,460,1879701,86679605
f8686b41f44f,28f40919fc72,4,1685244693893,38710,85588133,460,1879701,86679605
f8686b41f44f,28f40919fc72,2,1685244693985,38710,85588133,460,1879701,86679605
f8686b41f44f,28f40919fc72,18,1685244693989,38710,85588133,460,1879701,86679605
f8686b41f44f,28f40919fc72,36,1685244694021,38710,85588133,460,1879701,86679605
f8686b41f44f,28f40919fc72,39,1685244694056,38710,85588133,460,1879701,86679605
f8686b41f44f,28f40919fc72,20,1685244703950,38710,85588133,460,1879701,86679605
f8686b41f44f,28f40919fc72,2,1685244708067,38710,85588133,460,1879701,86679605
f8686b41f44f,28f40919fc72,36,1685244708100,38710,85588133,460,1879701,86679605
f8686b41f44f,28f40919fc72,39,1685244708139,38710,85588133,460,1879701,86679605
f8686b41f44f,28f40919fc72,20,1685244717955,38710,85588133,460,1879701,86679605
f8686b41f44f,28f40919fc72,2,1685244787130,38710,85588133,460,1879701,86679605
f8686b41f44f,28f40919fc72,18,1685244787133,38710,85588133,460,1879701,86679605
f8686b41f44f,28f40919fc72,39,1685244787195,38710,85588133,460,1879701,86679605
f8686b41f44f,28f40919fc72,18,1685244819422,38710,85588133,460,1879701,86679605
f8686b41f44f,28f40919fc72,39,1685244819479,38710,85588133,460,1879701,86679605
f8686b41f44f,28f40919fc72,4,1685244847703,38710,85588133,460,1879701,86679605
f8686b41f44f,28f40919fc72,18,1685244848861,38710,85588133,460,1879701,86679605
f8686b41f44f,28f40919fc72,18,1685244906101,38710,85588133,460,1879701,86679605
f8686b41f44f,28f40919fc72,36,1685244906128,38710,85588133,460,1879701,86679605
f8686b41f44f,28f40919fc72,20,1685244916016,38710,85588133,460,1879701,86679605
f8686b41f44f,28f40919fc72,18,1685244921847,38710,85588133,460,1879701,86679605
f8686b41f44f,28f40919fc72,39,1685244921915,38710,85588133,460,1879701,86679605
f8686b41f44f,28f40919fc72,20,1685244931796,38710,85588133,460,1879701,86679605
f8686b41f44f,28f40919fc72,4,1685244993357,38710,85588133,460,1879701,86679605
f8686b41f44f,28f40919fc72,2,1685244993504,38710,85588133,460,1879701,86679605
f8686b41f44f,28f40919fc72,39,1685244993565,38710,85588133,460,1879701,86679605
f8686b41f44f,28f40919fc72,20,1685245005429,38710,85588133,460,1879701,86679605
f8686b41f44f,28f40919fc72,4,1685245072754,38710,85588133,460,1879701,86679605
f8686b41f44f,28f40919fc72,2,1685245072857,38710,85588133,460,1879701,86679605
f8686b41f44f,28f40919fc72,36,1685245072887,38710,85588133,460,1879701,86679605
f8686b41f44f,28f40919fc72,20,1685245096776,38710,85588133,460,1879701,86679605
f8686b41f44f,28f40919fc72,2,1685245386460,38710,85588133,460,1879701,86679605
f8686b41f44f,28f40919fc72,18,1685245386463,38710,85588133,460,1879701,86679605
f8686b41f44f,28f40919fc72,36,1685245386490,38710,85588133,460,1879701,86679605
f8686b41f44f,28f40919fc72,39,1685245386517,38710,85588133,460,1879701,86679605
f8686b41f44f,28f40919fc72,20,1685245396350,38710,85588133,460,1879701,86679605
f8686b41f44f,28f40919fc72,4,1685245686919,38710,85588133,460,1879701,86679605
f8686b41f44f,28f40919fc72,36,1685245687206,38710,85588133,460,1879701,86679605
f8686b41f44f,28f40919fc72,39,1685245687241,38710,85588133,460,1879701,86679605
f8686b41f44f,28f40919fc72,2,1685245868132,38710,85588133,460,1879701,86679605
f8686b41f44f,28f40919fc72,36,1685245868198,38710,85588133,460,1879701,86679605
f8686b41f44f,28f40919fc72,39,1685245868228,38710,85588133,460,1879701,86679605
f8686b41f44f,28f40919fc72,20,1685245878028,38710,85588133,460,1879701,86679605
f8686b41f44f,28f40919fc72,2,1685245987195,38710,85588133,460,1879701,86679605
f8686b41f44f,28f40919fc72,18,1685245987196,38710,85588133,460,1879701,86679605
f8686b41f44f,28f40919fc72,36,1685245987225,38710,85588133,460,1879701,86679605
f8686b41f44f,28f40919fc72,20,1685246003102,38710,85588133,460,1879701,86679605
f8686b41f44f,28f40919fc72,2,1685246068705,38710,85588133,460,1879701,86679605
f8686b41f44f,28f40919fc72,18,1685246068708,38710,85588133,460,1879701,86679605
f8686b41f44f,28f40919fc72,36,1685246068734,38710,85588133,460,1879701,86679605
f8686b41f44f,28f40919fc72,39,1685246068771,38710,85588133,460,1879701,86679605
f8686b41f44f,28f40919fc72,20,1685246078648,38710,85588133,460,1879701,86679605
f8686b41f44f,28f40919fc72,5,1685246240432,38839,250773080,460,1879701,86679605
f8686b41f44f,28f40919fc72,4,1685246265724,38839,250773080,460,1879701,86679605
f8686b41f44f,28f40919fc72,2,1685246267097,38839,250773080,460,1879701,86679605
f8686b41f44f,28f40919fc72,18,1685246267101,38839,250773080,460,1879701,86679605
f8686b41f44f,28f40919fc72,20,1685246277074,38839,250773080,460,1879701,86679605
f8686b41f44f,28f40919fc72,5,1685246279782,38839,250773080,460,1879701,86679605
f8686b41f44f,28f40919fc72,20,1685246279846,38839,250773080,460,1879701,86679605
f8686b41f44f,28f40919fc72,2,1685246357172,38710,251586906,460,1879701,86679605
f8686b41f44f,28f40919fc72,36,1685246357197,38710,251586906,460,1879701,86679605
f8686b41f44f,28f40919fc72,39,1685246371778,38710,251586905,460,1879701,86679605
f8686b41f44f,28f40919fc72,20,1685246416641,38710,251586905,460,1879701,86679605
f8686b41f44f,28f40919fc72,36,1685246422007,38710,85026213,460,1879701,86679605
f8686b41f44f,28f40919fc72,39,1685246422032,38710,85026213,460,1879701,86679605
f8686b41f44f,28f40919fc72,2,1685246477767,38710,161988120,460,1879701,86679605
f8686b41f44f,28f40919fc72,36,1685246477818,38710,161988120,460,1879701,86679605
f8686b41f44f,28f40919fc72,14,1685246479407,38710,161894425,460,1879701,86679605
f8686b41f44f,28f40919fc72,39,1685246479418,38710,161894425,460,1879701,86679605
f8686b41f44f,28f40919fc72,14,1685246484357,38710,85223320,460,1879701,86679605
f8686b41f44f,28f40919fc72,14,1685246485176,38710,85223833,460,1879701,86679605
f8686b41f44f,28f40919fc72,39,1685246485185,38710,85223833,460,1879701,86679605
f8686b41f44f,28f40919fc72,14,1685246487717,38710,85223320,460,1879701,86679605
f8686b41f44f,28f40919fc72,39,1685246487728,38710,85223320,460,1879701,86679605
f8686b41f44f,28f40919fc72,14,1685246489419,38839,85137438,460,1879701,86679605
f8686b41f44f,28f40919fc72,39,1685246489431,38839,85137438,460,1879701,86679605
f8686b41f44f,28f40919fc72,14,1685246495827,38710,250740827,460,1879701,86679605
f8686b41f44f,28f40919fc72,20,1685246505686,38710,250740827,460,1879701,86679605
f8686b41f44f,28f40919fc72,2,1685246569582,38710,116691930,460,1879701,86679605
f8686b41f44f,28f40919fc72,36,1685246569612,38710,116691930,460,1879701,86679605
f8686b41f44f,28f40919fc72,14,1685246569987,38710,251144538,460,1879701,86679605
f8686b41f44f,28f40919fc72,14,1685246574967,38710,162107162,460,1879701,86679605
f8686b41f44f,28f40919fc72,14,1685246579547,38710,85155228,460,1879701,86679605
f8686b41f44f,28f40919fc72,35,1685246580835,38710,85155228,460,1879701,86679605
f8686b41f44f,28f40919fc72,12,1685246580835,38710,85155228,460,1879701,86679605
f8686b41f44f,28f40919fc72,12,1685246581792,38710,85155228,460,1879701,86679605
f8686b41f44f,28f40919fc72,35,1685246584902,38710,85155228,460,1879701,86679605
f8686b41f44f,28f40919fc72,12,1685246584902,38710,85155228,460,1879701,86679605
f8686b41f44f,28f40919fc72,11,1685246609910,38710,85155228,460,1879701,86679605
f8686b41f44f,28f40919fc72,21,1685246609910,38710,85155228,460,1879701,86679605
f8686b41f44f,28f40919fc72,20,1685246651500,38710,85155228,460,1879701,86679605
f8686b41f44f,28f40919fc72,36,1685246670357,38710,162107162,460,1879701,86679605
f8686b41f44f,28f40919fc72,4,1685246691237,38710,162107161,460,1879701,86679605
f8686b41f44f,28f40919fc72,2,1685246691862,38710,162107161,460,1879701,86679605
f8686b41f44f,28f40919fc72,36,1685246691892,38710,162107161,460,1879701,86679605
f8686b41f44f,28f40919fc72,14,1685246708427,38710,116691930,460,1879701,86679605
f8686b41f44f,28f40919fc72,39,1685246708435,38710,116691930,460,1879701,86679605
f8686b41f44f,28f40919fc72,14,1685246714767,38710,162107160,460,1879701,86679605
f8686b41f44f,28f40919fc72,20,1685246724692,38710,162107160,460,1879701,86679605
f8686b41f44f,28f40919fc72,18,1685246731945,38841,116851416,460,1879701,86679605
f8686b41f44f,28f40919fc72,39,1685246732007,38841,116851416,460,1879701,86679605
f8686b41f44f,28f40919fc72,18,1685247844070,38839,85684632,460,1879701,86679605
f8686b41f44f,28f40919fc72,36,1685247844102,38839,85684632,460,1879701,86679605
f8686b41f44f,28f40919fc72,39,1685247844516,38710,116860892,460,1879701,86679605
f8686b41f44f,28f40919fc72,39,1685247846647,38839,85121177,460,1879701,86679605
f8686b41f44f,28f40919fc72,14,1685247850227,38710,116861146,460,1879701,86679605
f8686b41f44f,28f40919fc72,14,1685247855227,38710,116861400,460,1879701,86679605
f8686b41f44f,28f40919fc72,39,1685247855236,38710,116861400,460,1879701,86679605
f8686b41f44f,28f40919fc72,39,1685247867587,38839,116861401,460,1879701,86679605
f8686b41f44f,28f40919fc72,39,1685247872907,38710,116448730,460,1879701,86679605
f8686b41f44f,28f40919fc72,14,1685247879853,38710,84942234,460,1879701,86679605
f8686b41f44f,28f40919fc72,2,1685247954187,38710,85697187,460,1879701,86679605
f8686b41f44f,28f40919fc72,18,1685247954189,38710,85697187,460,1879701,86679605
f8686b41f44f,28f40919fc72,36,1685247954212,38710,85697187,460,1879701,86679605
f8686b41f44f,28f40919fc72,14,1685247955648,38710,85588126,460,1879701,86679605
f8686b41f44f,28f40919fc72,20,1685247965548,38710,85588126,460,1879701,86679605
f8686b41f44f,28f40919fc72,4,1685247966343,38710,85588126,460,1879701,86679605
f8686b41f44f,28f40919fc72,2,1685247966919,38710,85588126,460,1879701,86679605
f8686b41f44f,28f40919fc72,18,1685247966923,38710,85588126,460,1879701,86679605
f8686b41f44f,28f40919fc72,36,1685247966956,38710,85588126,460,1879701,86679605
f8686b41f44f,28f40919fc72,39,1685247966983,38710,85588126,460,1879701,86679605
f8686b41f44f,28f40919fc72,20,1685248006064,38710,85588126,460,1879701,86679605
f8686b41f44f,28f40919fc72,36,1685248181483,38710,85588126,460,1879701,86679605
f8686b41f44f,28f40919fc72,4,1685248194781,38710,85588126,460,1879701,86679605
f8686b41f44f,28f40919fc72,18,1685248196061,38710,85588126,460,1879701,86679605
f8686b41f44f,28f40919fc72,18,1685248318086,38710,85588129,460,1879701,86679605
f8686b41f44f,28f40919fc72,36,1685248318110,38710,85588129,460,1879701,86679605
f8686b41f44f,28f40919fc72,39,1685248318144,38710,85588129,460,1879701,86679605
f8686b41f44f,28f40919fc72,36,1685248386129,38710,251574370,460,1879701,86679605
f8686b41f44f,28f40919fc72,39,1685248386149,38710,251574370,460,1879701,86679605
f8686b41f44f,28f40919fc72,20,1685248398092,38710,251574370,460,1879701,86679605
f8686b41f44f,28f40919fc72,18,1685248449512,38710,85588123,460,1879701,86679605
f8686b41f44f,28f40919fc72,36,1685248449537,38710,85588123,460,1879701,86679605
f8686b41f44f,28f40919fc72,39,1685248449563,38710,85588123,460,1879701,86679605
f8686b41f44f,28f40919fc72,2,1685248529077,38710,251574367,460,1879701,86679605
f8686b41f44f,28f40919fc72,18,1685248529079,38710,251574367,460,1879701,86679605
f8686b41f44f,28f40919fc72,39,1685248529123,38710,251574367,460,1879701,86679605
f8686b41f44f,28f40919fc72,20,1685248541062,38710,251574367,460,1879701,86679605
f8686b41f44f,28f40919fc72,4,1685248604869,38710,251574367,460,1879701,86679605
f8686b41f44f,28f40919fc72,18,1685248605670,38710,251574367,460,1879701,86679605
f8686b41f44f,28f40919fc72,20,1685248699159,38710,85588123,460,1879701,86679605
f8686b41f44f,28f40919fc72,4,1685248716096,38710,251574367,460,1879701,86679605
f8686b41f44f,28f40919fc72,39,1685248717074,38710,251574367,460,1879701,86679605
f8686b41f44f,28f40919fc72,39,1685248720526,38710,251574370,460,1879701,86679605
f8686b41f44f,28f40919fc72,14,1685248722019,38710,85588123,460,1879701,86679605
f8686b41f44f,28f40919fc72,39,1685248722030,38710,85588123,460,1879701,86679605
f8686b41f44f,28f40919fc72,2,1685248734066,38710,251574370,460,1879701,86679605
f8686b41f44f,28f40919fc72,36,1685248734089,38710,251574370,460,1879701,86679605
f8686b41f44f,28f40919fc72,39,1685248734111,38710,251574370,460,1879701,86679605
f8686b41f44f,28f40919fc72,14,1685248735569,38710,85588123,460,1879701,86679605
f8686b41f44f,28f40919fc72,4,1685248904304,38710,251574367,460,1879701,86679605
f8686b41f44f,28f40919fc72,20,1685248916452,38710,251574367,460,1879701,86679605
f8686b41f44f,28f40919fc72,39,1685248991046,38710,251574370,460,1879701,86679605
f8686b41f44f,28f40919fc72,39,1685249008951,38710,251574370,460,1879701,86679605
f8686b41f44f,28f40919fc72,20,1685249018887,38710,251574370,460,1879701,86679605
f8686b41f44f,28f40919fc72,18,1685249038839,38710,85588123,460,1879701,86679605
f8686b41f44f,28f40919fc72,39,1685249038892,38710,85588123,460,1879701,86679605
f8686b41f44f,28f40919fc72,4,1685249069191,38710,85588123,460,1879701,86679605
f8686b41f44f,28f40919fc72,2,1685249092750,38710,251574367,460,1879701,86679605
f8686b41f44f,28f40919fc72,18,1685249092753,38710,251574367,460,1879701,86679605
f8686b41f44f,28f40919fc72,36,1685249092774,38710,251574367,460,1879701,86679605
f8686b41f44f,28f40919fc72,39,1685249092793,38710,251574367,460,1879701,86679605
f8686b41f44f,28f40919fc72,2,1685249133026,38710,251574367,460,1879701,86679605
f8686b41f44f,28f40919fc72,39,1685249133080,38710,251574367,460,1879701,86679605
f8686b41f44f,28f40919fc72,20,1685249143012,38710,251574367,460,1879701,86679605
f8686b41f44f,28f40919fc72,2,1685249267425,38710,251574367,460,1879701,86679605
f8686b41f44f,28f40919fc72,36,1685249267454,38710,251574367,460,1879701,86679605
f8686b41f44f,28f40919fc72,20,1685249277412,38710,251574367,460,1879701,86679605
f8686b41f44f,28f40919fc72,2,1685249286045,38710,251574367,460,1879701,86679605
f8686b41f44f,28f40919fc72,20,1685249298032,38710,251574367,460,1879701,86679605
f8686b41f44f,28f40919fc72,2,1685249299025,38710,251574367,460,1879701,86679605
f8686b41f44f,28f40919fc72,18,1685249299027,38710,251574367,460,1879701,86679605
f8686b41f44f,28f40919fc72,36,1685249299049,38710,251574367,460,1879701,86679605
f8686b41f44f,28f40919fc72,39,1685249299071,38710,251574367,460,1879701,86679605
f8686b41f44f,28f40919fc72,4,1685249328131,38710,251574367,460,1879701,86679605
f8686b41f44f,28f40919fc72,39,1685249328907,38710,251574367,460,1879701,86679605
f8686b41f44f,28f40919fc72,20,1685249338852,38710,251574367,460,1879701,86679605
f8686b41f44f,28f40919fc72,18,1685249340163,38710,251574367,460,1879701,86679605
f8686b41f44f,28f40919fc72,20,1685249360742,38710,251574367,460,1879701,86679605
f8686b41f44f,28f40919fc72,2,1685249361912,38710,251574367,460,1879701,86679605
f8686b41f44f,28f40919fc72,20,1685249381897,38710,251574367,460,1879701,86679605
f8686b41f44f,28f40919fc72,2,1685249382825,38710,251574367,460,1879701,86679605
f8686b41f44f,28f40919fc72,20,1685249394812,38710,251574367,460,1879701,86679605
f8686b41f44f,28f40919fc72,18,1685249394993,38710,251574367,460,1879701,86679605
f8686b41f44f,28f40919fc72,36,1685249395014,38710,251574367,460,1879701,86679605
f8686b41f44f,28f40919fc72,2,1685249413346,38710,251574367,460,1879701,86679605
f8686b41f44f,28f40919fc72,18,1685249413349,38710,251574367,460,1879701,86679605
f8686b41f44f,28f40919fc72,4,1685249454048,38710,251574367,460,1879701,86679605
f8686b41f44f,28f40919fc72,2,1685249454310,38710,251574367,460,1879701,86679605
f8686b41f44f,28f40919fc72,18,1685249454313,38710,251574367,460,1879701,86679605
f8686b41f44f,28f40919fc72,36,1685249454334,38710,251574367,460,1879701,86679605
f8686b41f44f,28f40919fc72,20,1685249464297,38710,251574367,460,1879701,86679605
f8686b41f44f,28f40919fc72,2,1685249469665,38710,251574367,460,1879701,86679605
f8686b41f44f,28f40919fc72,18,1685249469670,38710,251574367,460,1879701,86679605
f8686b41f44f,28f40919fc72,20,1685249479652,38710,251574367,460,1879701,86679605
f8686b41f44f,28f40919fc72,2,1685249509345,38710,251574367,460,1879701,86679605
f8686b41f44f,28f40919fc72,18,1685249509350,38710,251574367,460,1879701,86679605
f8686b41f44f,28f40919fc72,36,1685249509366,38710,251574367,460,1879701,86679605
f8686b41f44f,28f40919fc72,39,1685249509395,38710,251574367,460,1879701,86679605
f8686b41f44f,28f40919fc72,2,1685249534950,38710,251574367,460,1879701,86679605
f8686b41f44f,28f40919fc72,20,1685249544937,38710,251574367,460,1879701,86679605
f8686b41f44f,28f40919fc72,2,1685249585980,38710,251574367,460,1879701,86679605
f8686b41f44f,28f40919fc72,39,1685249586030,38710,251574367,460,1879701,86679605
f8686b41f44f,28f40919fc72,20,1685249603005,38710,85588129,460,1879701,86679605
f8686b41f44f,28f40919fc72,2,1685249630957,38710,85588129,460,1879701,86679605
f8686b41f44f,28f40919fc72,36,1685249631077,38710,85588129,460,1879701,86679605
f8686b41f44f,28f40919fc72,39,1685249631108,38710,85588129,460,1879701,86679605
f8686b41f44f,28f40919fc72,18,1685249647281,38710,85588129,460,1879701,86679605
f8686b41f44f,28f40919fc72,36,1685249647308,38710,85588129,460,1879701,86679605
f8686b41f44f,28f40919fc72,39,1685249647340,38710,85588129,460,1879701,86679605
f8686b41f44f,28f40919fc72,4,1685249663516,38710,85588129,460,1879701,86679605
f8686b41f44f,28f40919fc72,2,1685249664237,38710,85588129,460,1879701,86679605
f8686b41f44f,28f40919fc72,39,1685249664298,38710,85588129,460,1879701,86679605
f8686b41f44f,28f40919fc72,20,1685249676190,38710,85588129,460,1879701,86679605
f8686b41f44f,28f40919fc72,2,1685249677694,38710,85588129,460,1879701,86679605
f8686b41f44f,28f40919fc72,36,1685249677729,38710,85588129,460,1879701,86679605
f8686b41f44f,28f40919fc72,39,1685249691415,38710,251574367,460,1879701,86679605
f8686b41f44f,28f40919fc72,39,1685249691776,38710,251574370,460,1879701,86679605
f8686b41f44f,28f40919fc72,14,1685249693250,38710,85588123,460,1879701,86679605
f8686b41f44f,28f40919fc72,39,1685249693263,38710,85588123,460,1879701,86679605
f8686b41f44f,28f40919fc72,39,1685249701922,38710,85588129,460,1879701,86679605
f8686b41f44f,28f40919fc72,39,1685249703412,38710,85588123,460,1879701,86679605
f8686b41f44f,28f40919fc72,14,1685249716610,38710,251574370,460,1879701,86679605
f8686b41f44f,28f40919fc72,39,1685249716620,38710,251574370,460,1879701,86679605
f8686b41f44f,28f40919fc72,20,1685249726559,38710,251574370,460,1879701,86679605
f8686b41f44f,28f40919fc72,36,1685249822436,38710,250714715,460,1879701,86679605
f8686b41f44f,28f40919fc72,39,1685249840656,38710,84942237,460,1879701,86679605
f8686b41f44f,28f40919fc72,39,1685249895050,38710,85588123,460,1879701,86679605
f8686b41f44f,28f40919fc72,14,1685249897927,38710,84942237,460,1879701,86679605
f8686b41f44f,28f40919fc72,20,1685249911861,38710,84942237,460,1879701,86679605
f8686b41f44f,28f40919fc72,36,1685249912461,38710,84942237,460,1879701,86679605
f8686b41f44f,28f40919fc72,39,1685249912496,38710,84942237,460,1879701,86679605
f8686b41f44f,28f40919fc72,20,1685249924422,38710,84942237,460,1879701,86679605
f8686b41f44f,28f40919fc72,2,1685249927770,38710,85588129,460,1879701,86679605
f8686b41f44f,28f40919fc72,18,1685249927772,38710,85588129,460,1879701,86679605
f8686b41f44f,28f40919fc72,39,1685249927822,38710,85588129,460,1879701,86679605
f8686b41f44f,28f40919fc72,2,1685249956079,38710,84942237,460,1879701,86679605
f8686b41f44f,28f40919fc72,2,1685249966284,38710,84942237,460,1879701,86679605
f8686b41f44f,28f40919fc72,18,1685249966286,38710,84942237,460,1879701,86679605
f8686b41f44f,28f40919fc72,2,1685250097051,38710,116421336,460,1879701,86679605
f8686b41f44f,28f40919fc72,39,1685250097111,38710,116421336,460,1879701,86679605
f8686b41f44f,28f40919fc72,14,1685250100655,38710,84942237,460,1879701,86679605
f8686b41f44f,28f40919fc72,14,1685250115570,38710,251574370,460,1879701,86679605
f8686b41f44f,28f40919fc72,14,1685250127840,38710,251574370,460,1879701,86679605
f8686b41f44f,28f40919fc72,20,1685250137790,38710,251574370,460,1879701,86679605
f8686b41f44f,28f40919fc72,2,1685250189026,38710,85588129,460,1879701,86679605
f8686b41f44f,28f40919fc72,18,1685250189030,38710,85588129,460,1879701,86679605
f8686b41f44f,28f40919fc72,39,1685250189093,38710,85588129,460,1879701,86679605
f8686b41f44f,28f40919fc72,2,1685250202013,38710,85588123,460,1879701,86679605
f8686b41f44f,28f40919fc72,18,1685250202018,38710,85588123,460,1879701,86679605
f8686b41f44f,28f40919fc72,36,1685250202047,38710,85588123,460,1879701,86679605
f8686b41f44f,28f40919fc72,39,1685250202078,38710,85588123,460,1879701,86679605
f8686b41f44f,28f40919fc72,20,1685250211925,38710,85588123,460,1879701,86679605
f8686b41f44f,28f40919fc72,18,1685250263248,38710,85588126,460,1879701,86679605
f8686b41f44f,28f40919fc72,36,1685250263277,38710,85588126,460,1879701,86679605
f8686b41f44f,28f40919fc72,20,1685250273147,38710,85588126,460,1879701,86679605
f8686b41f44f,28f40919fc72,2,1685250308119,38710,85588126,460,1879701,86679605
f8686b41f44f,28f40919fc72,36,1685250308234,38710,85588126,460,1879701,86679605
f8686b41f44f,28f40919fc72,4,1685250476794,38710,85588126,460,1879701,86679605
f8686b41f44f,28f40919fc72,18,1685250477022,38710,85588126,460,1879701,86679605
f8686b41f44f,28f40919fc72,36,1685250477054,38710,85588126,460,1879701,86679605
f8686b41f44f,28f40919fc72,39,1685250477083,38710,85588126,460,1879701,86679605
f8686b41f44f,28f40919fc72,2,1685250512736,38710,85588126,460,1879701,86679605
f8686b41f44f,28f40919fc72,20,1685250522654,38710,85588126,460,1879701,86679605
f8686b41f44f,28f40919fc72,2,1685250676696,38710,85588126,460,1879701,86679605
f8686b41f44f,28f40919fc72,18,1685250676699,38710,85588126,460,1879701,86679605
f8686b41f44f,28f40919fc72,39,1685250676756,38710,85588126,460,1879701,86679605
f8686b41f44f,28f40919fc72,20,1685250686586,38710,85588126,460,1879701,86679605
f8686b41f44f,28f40919fc72,18,1685250708708,38710,85588126,460,1879701,86679605
f8686b41f44f,28f40919fc72,20,1685250718678,38710,85588126,460,1879701,86679605
f8686b41f44f,28f40919fc72,4,1685250787463,38710,85588126,460,1879701,86679605
f8686b41f44f,28f40919fc72,2,1685250788056,38710,85588126,460,1879701,86679605
f8686b41f44f,28f40919fc72,36,1685250788086,38710,85588126,460,1879701,86679605
f8686b41f44f,28f40919fc72,39,1685250788118,38710,85588126,460,1879701,86679605
f8686b41f44f,28f40919fc72,20,1685250806972,38710,85588126,460,1879701,86679605
f8686b41f44f,28f40919fc72,2,1685250827736,38710,85588126,460,1879701,86679605
f8686b41f44f,28f40919fc72,18,1685250827738,38710,85588126,460,1879701,86679605
f8686b41f44f,28f40919fc72,36,1685250827761,38710,85588126,460,1879701,86679605
f8686b41f44f,28f40919fc72,39,1685250827792,38710,85588126,460,1879701,86679605
f8686b41f44f,28f40919fc72,20,1685250837624,38710,85588126,460,1879701,86679605
f8686b41f44f,28f40919fc72,4,1685250923997,38710,85588126,460,1879701,86679605
f8686b41f44f,28f40919fc72,2,1685250925023,38710,85588126,460,1879701,86679605
f8686b41f44f,28f40919fc72,18,1685250925027,38710,85588126,460,1879701,86679605
f8686b41f44f,28f40919fc72,36,1685250925144,38710,85588126,460,1879701,86679605
f8686b41f44f,28f40919fc72,39,1685250925175,38710,85588126,460,1879701,86679605
f8686b41f44f,28f40919fc72,20,1685250936935,38710,85588126,460,1879701,86679605
f8686b41f44f,28f40919fc72,2,1685250986456,38710,85588126,460,1879701,86679605
f8686b41f44f,28f40919fc72,18,1685250986460,38710,85588126,460,1879701,86679605
f8686b41f44f,28f40919fc72,39,1685250986517,38710,85588126,460,1879701,86679605
f8686b41f44f,28f40919fc72,4,1685251088517,38710,85588126,460,1879701,86679605
f8686b41f44f,28f40919fc72,2,1685251088862,38710,85588126,460,1879701,86679605
f8686b41f44f,28f40919fc72,18,1685251088865,38710,85588126,460,1879701,86679605
f8686b41f44f,28f40919fc72,36,1685251088891,38710,85588126,460,1879701,86679605
f8686b41f44f,28f40919fc72,20,1685251106835,38710,85588126,460,1879701,86679605
f8686b41f44f,28f40919fc72,4,1685251142143,38710,85588126,460,1879701,86679605
f8686b41f44f,28f40919fc72,2,1685251142617,38710,85588126,460,1879701,86679605
f8686b41f44f,28f40919fc72,36,1685251142652,38710,85588126,460,1879701,86679605
f8686b41f44f,28f40919fc72,39,1685251142683,38710,85588126,460,1879701,86679605
f8686b41f44f,28f40919fc72,4,1685251203565,38710,85588126,460,1879701,86679605
f8686b41f44f,28f40919fc72,2,1685251204061,38710,85588126,460,1879701,86679605
f8686b41f44f,28f40919fc72,36,1685251204092,38710,85588126,460,1879701,86679605
f8686b41f44f,28f40919fc72,20,1685251214008,38710,85588126,460,1879701,86679605
f8686b41f44f,28f40919fc72,2,1685251388993,38710,85588126,460,1879701,86679605
f8686b41f44f,28f40919fc72,18,1685251388998,38710,85588126,460,1879701,86679605
f8686b41f44f,28f40919fc72,2,1685251402436,38710,85588126,460,1879701,86679605
f8686b41f44f,28f40919fc72,18,1685251402439,38710,85588126,460,1879701,86679605
f8686b41f44f,28f40919fc72,36,1685251402466,38710,85588126,460,1879701,86679605
f8686b41f44f,28f40919fc72,39,1685251402491,38710,85588126,460,1879701,86679605
f8686b41f44f,28f40919fc72,4,1685251462910,38710,85588126,460,1879701,86679605
f8686b41f44f,28f40919fc72,2,1685251463898,38710,85588126,460,1879701,86679605
f8686b41f44f,28f40919fc72,39,1685251463964,38710,85588126,460,1879701,86679605
f8686b41f44f,28f40919fc72,20,1685251473815,38710,85588126,460,1879701,86679605
f8686b41f44f,28f40919fc72,36,1685251677091,38710,85588126,460,1879701,86679605
f8686b41f44f,28f40919fc72,39,1685251677124,38710,85588126,460,1879701,86679605
f8686b41f44f,28f40919fc72,20,1685251686959,38710,85588126,460,1879701,86679605
f8686b41f44f,28f40919fc72,2,1685251687328,38710,85588126,460,1879701,86679605
f8686b41f44f,28f40919fc72,18,1685251687330,38710,85588126,460,1879701,86679605
f8686b41f44f,28f40919fc72,36,1685251687356,38710,85588126,460,1879701,86679605
f8686b41f44f,28f40919fc72,39,1685251687381,38710,85588126,460,1879701,86679605
f8686b41f44f,28f40919fc72,20,1685251697221,38710,85588126,460,1879701,86679605
f8686b41f44f,28f40919fc72,4,1685251754683,38710,85588126,460,1879701,86679605
f8686b41f44f,28f40919fc72,39,1685251755876,38710,85588126,460,1879701,86679605
f8686b41f44f,28f40919fc72,20,1685251767666,38710,85588126,460,1879701,86679605
f8686b41f44f,28f40919fc72,4,1685251988615,38710,85588126,460,1879701,86679605
f8686b41f44f,28f40919fc72,2,1685251988983,38710,85588126,460,1879701,86679605
f8686b41f44f,28f40919fc72,39,1685251989128,38710,85588126,460,1879701,86679605
f8686b41f44f,28f40919fc72,20,1685252001885,38710,85588126,460,1879701,86679605
f8686b41f44f,28f40919fc72,4,1685252004936,38710,85588126,460,1879701,86679605
f8686b41f44f,28f40919fc72,2,1685252005340,38710,85588126,460,1879701,86679605
f8686b41f44f,28f40919fc72,36,1685252005368,38710,85588126,460,1879701,86679605
f8686b41f44f,28f40919fc72,39,1685252005404,38710,85588126,460,1879701,86679605
f8686b41f44f,28f40919fc72,4,1685252049709,38710,85588126,460,1879701,86679605
f8686b41f44f,28f40919fc72,18,1685252050144,38710,85588126,460,1879701,86679605
f8686b41f44f,28f40919fc72,36,1685252050173,38710,85588126,460,1879701,86679605
f8686b41f44f,28f40919fc72,4,1685252074601,38710,85588126,460,1879701,86679605
f8686b41f44f,28f40919fc72,2,1685252075742,38710,85588126,460,1879701,86679605
f8686b41f44f,28f40919fc72,18,1685252075746,38710,85588126,460,1879701,86679605
f8686b41f44f,28f40919fc72,20,1685252085650,38710,85588126,460,1879701,86679605
f8686b41f44f,28f40919fc72,20,1685252278919,38710,85588126,460,1879701,86679605
f8686b41f44f,28f40919fc72,18,1685252349660,38710,85588126,460,1879701,86679605
f8686b41f44f,28f40919fc72,36,1685252349686,38710,85588126,460,1879701,86679605
f8686b41f44f,28f40919fc72,39,1685252349711,38710,85588126,460,1879701,86679605
f8686b41f44f,28f40919fc72,20,1685252359548,38710,85588126,460,1879701,86679605
f8686b41f44f,28f40919fc72,20,1685252600891,38710,85588126,460,1879701,86679605
f8686b41f44f,28f40919fc72,2,1685252618458,38710,85588126,460,1879701,86679605
f8686b41f44f,28f40919fc72,18,1685252618464,38710,85588126,460,1879701,86679605
f8686b41f44f,28f40919fc72,36,1685252618493,38710,85588126,460,1879701,86679605
f8686b41f44f,28f40919fc72,39,1685252618528,38710,85588126,460,1879701,86679605
f8686b41f44f,28f40919fc72,20,1685252634383,38710,85588126,460,1879701,86679605
f8686b41f44f,28f40919fc72,18,1685252638946,38710,85588126,460,1879701,86679605
f8686b41f44f,28f40919fc72,4,1685252649269,38710,85588126,460,1879701,86679605
f8686b41f44f,28f40919fc72,18,1685252650460,38710,85588126,460,1879701,86679605
f8686b41f44f,28f40919fc72,36,1685252650486,38710,85588126,460,1879701,86679605
f8686b41f44f,28f40919fc72,39,1685252650516,38710,85588126,460,1879701,86679605
f8686b41f44f,28f40919fc72,20,1685252660351,38710,85588126,460,1879701,86679605
f8686b41f44f,28f40919fc72,18,1685252683739,38710,85588126,460,1879701,86679605
f8686b41f44f,28f40919fc72,36,1685252683766,38710,85588126,460,1879701,86679605
f8686b41f44f,28f40919fc72,39,1685252683792,38710,85588126,460,1879701,86679605
f8686b41f44f,28f40919fc72,20,1685252693684,38710,85588126,460,1879701,86679605
f8686b41f44f,28f40919fc72,2,1685252888966,38710,85588126,460,1879701,86679605
f8686b41f44f,28f40919fc72,18,1685252888969,38710,85588126,460,1879701,86679605
f8686b41f44f,28f40919fc72,39,1685252889026,38710,85588126,460,1879701,86679605
f8686b41f44f,28f40919fc72,39,1685252890472,38710,85588133,460,1879701,86679605
f8686b41f44f,28f40919fc72,20,1685252900362,38710,85588133,460,1879701,86679605
f8686b41f44f,28f40919fc72,2,1685252901553,38710,85588133,460,1879701,86679605
f8686b41f44f,28f40919fc72,18,1685252901557,38710,85588133,460,1879701,86679605
f8686b41f44f,28f40919fc72,36,1685252901588,38710,85588133,460,1879701,86679605
f8686b41f44f,28f40919fc72,39,1685252901618,38710,85588133,460,1879701,86679605
f8686b41f44f,28f40919fc72,36,1685252912657,38710,85588133,460,1879701,86679605
f8686b41f44f,28f40919fc72,39,1685252912688,38710,85588133,460,1879701,86679605
f8686b41f44f,28f40919fc72,18,1685252926044,38710,85588133,460,1879701,86679605
f8686b41f44f,28f40919fc72,39,1685252926103,38710,85588133,460,1879701,86679605
f8686b41f44f,28f40919fc72,36,1685252964898,38710,85588133,460,1879701,86679605
f8686b41f44f,28f40919fc72,2,1685253143106,38710,85588133,460,1879701,86679605
f8686b41f44f,28f40919fc72,18,1685253143108,38710,85588133,460,1879701,86679605
f8686b41f44f,28f40919fc72,39,1685253143178,38710,85588133,460,1879701,86679605
f8686b41f44f,28f40919fc72,20,1685253153034,38710,85588133,460,1879701,86679605
f8686b41f44f,28f40919fc72,2,1685253168026,38710,85588133,460,1879701,86679605
f8686b41f44f,28f40919fc72,18,1685253168028,38710,85588133,460,1879701,86679605
f8686b41f44f,28f40919fc72,39,1685253168083,38710,85588133,460,1879701,86679605
f8686b41f44f,28f40919fc72,20,1685253177918,38710,85588133,460,1879701,86679605
f8686b41f44f,28f40919fc72,2,1685253187983,38710,85588133,460,1879701,86679605
f8686b41f44f,28f40919fc72,18,1685253187986,38710,85588133,460,1879701,86679605
f8686b41f44f,28f40919fc72,20,1685253199879,38710,85588133,460,1879701,86679605
f8686b41f44f,28f40919fc72,2,1685253201050,38710,85588133,460,1879701,86679605
f8686b41f44f,28f40919fc72,39,1685253201113,38710,85588133,460,1879701,86679605
f8686b41f44f,28f40919fc72,2,1685253212133,38710,85588133,460,1879701,86679605
f8686b41f44f,28f40919fc72,18,1685253212137,38710,85588133,460,1879701,86679605
f8686b41f44f,28f40919fc72,36,1685253212168,38710,85588133,460,1879701,86679605
f8686b41f44f,28f40919fc72,39,1685253212202,38710,85588133,460,1879701,86679605
f8686b41f44f,28f40919fc72,2,1685253225388,38710,85588133,460,1879701,86679605
f8686b41f44f,28f40919fc72,18,1685253225391,38710,85588133,460,1879701,86679605
f8686b41f44f,28f40919fc72,36,1685253225412,38710,85588133,460,1879701,86679605
f8686b41f44f,28f40919fc72,39,1685253225451,38710,85588133,460,1879701,86679605
f8686b41f44f,28f40919fc72,4,1685253243040,38710,85588133,460,1879701,86679605
f8686b41f44f,28f40919fc72,18,1685253244379,38710,85588133,460,1879701,86679605
f8686b41f44f,28f40919fc72,36,1685253244406,38710,85588133,460,1879701,86679605
f8686b41f44f,28f40919fc72,39,1685253244448,38710,85588133,460,1879701,86679605
f8686b41f44f,28f40919fc72,20,1685253287263,38710,85588133,460,1879701,86679605
f8686b41f44f,28f40919fc72,2,1685253296836,38710,85588133,460,1879701,86679605
f8686b41f44f,28f40919fc72,18,1685253296838,38710,85588133,460,1879701,86679605
f8686b41f44f,28f40919fc72,36,1685253296863,38710,85588133,460,1879701,86679605
f8686b41f44f,28f40919fc72,39,1685253296898,38710,85588133,460,1879701,86679605
f8686b41f44f,28f40919fc72,20,1685253306802,38710,85588133,460,1879701,86679605
f8686b41f44f,28f40919fc72,2,1685253307499,38710,85588133,460,1879701,86679605
f8686b41f44f,28f40919fc72,20,1685253317389,38710,85588133,460,1879701,86679605
f8686b41f44f,28f40919fc72,4,1685253377904,38710,85588133,460,1879701,86679605
f8686b41f44f,28f40919fc72,2,1685253378776,38710,85588133,460,1879701,86679605
f8686b41f44f,28f40919fc72,36,1685253378806,38710,85588133,460,1879701,86679605
f8686b41f44f,28f40919fc72,20,1685253390716,38710,85588133,460,1879701,86679605
f8686b41f44f,28f40919fc72,2,1685253417183,38710,85588133,460,1879701,86679605
f8686b41f44f,28f40919fc72,20,1685253427073,38710,85588133,460,1879701,86679605
f8686b41f44f,28f40919fc72,18,1685253487974,38710,85588133,460,1879701,86679605
f8686b41f44f,28f40919fc72,36,1685253488003,38710,85588133,460,1879701,86679605
f8686b41f44f,28f40919fc72,39,1685253488038,38710,85588133,460,1879701,86679605
f8686b41f44f,28f40919fc72,20,1685253497940,38710,85588133,460,1879701,86679605
f8686b41f44f,28f40919fc72,4,1685253676192,38710,85588133,460,1879701,86679605
f8686b41f44f,28f40919fc72,2,1685253677023,38710,85588133,460,1879701,86679605
f8686b41f44f,28f40919fc72,36,1685253677053,38710,85588133,460,1879701,86679605
f8686b41f44f,28f40919fc72,39,1685253677088,38710,85588133,460,1879701,86679605
f8686b41f44f,28f40919fc72,20,1685253686974,38710,85588133,460,1879701,86679605
f8686b41f44f,28f40919fc72,18,1685253710305,38710,85588133,460,1879701,86679605
f8686b41f44f,28f40919fc72,39,1685253710366,38710,85588133,460,1879701,86679605
f8686b41f44f,28f40919fc72,4,1685253752772,38710,85588133,460,1879701,86679605
f8686b41f44f,28f40919fc72,18,1685253753827,38710,85588133,460,1879701,86679605
f8686b41f44f,28f40919fc72,39,1685253753978,38710,85588133,460,1879701,86679605
f8686b41f44f,28f40919fc72,20,1685253763789,38710,85588133,460,1879701,86679605
f8686b41f44f,28f40919fc72,4,1685253788807,38710,85588133,460,1879701,86679605
f8686b41f44f,28f40919fc72,2,1685253788997,38710,85588133,460,1879701,86679605
f8686b41f44f,28f40919fc72,18,1685253789001,38710,85588133,460,1879701,86679605
f8686b41f44f,28f40919fc72,36,1685253789028,38710,85588133,460,1879701,86679605
f8686b41f44f,28f40919fc72,20,1685253803889,38710,85588133,460,1879701,86679605
f8686b41f44f,28f40919fc72,2,1685253804713,38710,85588133,460,1879701,86679605
f8686b41f44f,28f40919fc72,36,1685253804749,38710,85588133,460,1879701,86679605
f8686b41f44f,28f40919fc72,39,1685253804783,38710,85588133,460,1879701,86679605
f8686b41f44f,28f40919fc72,36,1685253828098,38710,85588133,460,1879701,86679605
f8686b41f44f,28f40919fc72,20,1685253838032,38710,85588133,460,1879701,86679605
f8686b41f44f,28f40919fc72,2,1685253961005,38710,85588133,460,1879701,86679605
f8686b41f44f,28f40919fc72,2,1685254018792,38710,85588133,460,1879701,86679605
f8686b41f44f,28f40919fc72,20,1685254028694,38710,85588133,460,1879701,86679605
f8686b41f44f,28f40919fc72,4,1685254048555,38710,85588133,460,1879701,86679605
f8686b41f44f,28f40919fc72,18,1685254049507,38710,85588133,460,1879701,86679605
f8686b41f44f,28f40919fc72,36,1685254049623,38710,85588133,460,1879701,86679605
f8686b41f44f,28f40919fc72,20,1685254059462,38710,85588133,460,1879701,86679605
f8686b41f44f,28f40919fc72,2,1685254059928,38710,85588133,460,1879701,86679605
f8686b41f44f,28f40919fc72,18,1685254059931,38710,85588133,460,1879701,86679605
f8686b41f44f,28f40919fc72,39,1685254059985,38710,85588133,460,1879701,86679605
f8686b41f44f,28f40919fc72,20,1685254077886,38710,85588133,460,1879701,86679605
f8686b41f44f,28f40919fc72,4,1685254086296,38710,85588133,460,1879701,86679605
f8686b41f44f,28f40919fc72,2,1685254086623,38710,85588133,460,1879701,86679605
f8686b41f44f,28f40919fc72,18,1685254086626,38710,85588133,460,1879701,86679605
f8686b41f44f,28f40919fc72,36,1685254086646,38710,85588133,460,1879701,86679605
f8686b41f44f,28f40919fc72,2,1685254149335,38710,85588133,460,1879701,86679605
f8686b41f44f,28f40919fc72,18,1685254149339,38710,85588133,460,1879701,86679605
f8686b41f44f,28f40919fc72,36,1685254149447,38710,85588133,460,1879701,86679605
f8686b41f44f,28f40919fc72,39,1685254149480,38710,85588133,460,1879701,86679605
f8686b41f44f,28f40919fc72,18,1685254159937,38710,85588133,460,1879701,86679605
f8686b41f44f,28f40919fc72,36,1685254159968,38710,85588133,460,1879701,86679605
f8686b41f44f,28f40919fc72,20,1685254169904,38710,85588133,460,1879701,86679605
f8686b41f44f,28f40919fc72,4,1685254387848,38710,85588133,460,1879701,86679605
f8686b41f44f,28f40919fc72,2,1685254388703,38710,85588133,460,1879701,86679605
f8686b41f44f,28f40919fc72,18,1685254388707,38710,85588133,460,1879701,86679605
f8686b41f44f,28f40919fc72,39,1685254388767,38710,85588133,460,1879701,86679605
f8686b41f44f,28f40919fc72,20,1685254398601,38710,85588133,460,1879701,86679605
f8686b41f44f,28f40919fc72,2,1685254543013,38710,85588133,460,1879701,86679605
f8686b41f44f,28f40919fc72,39,1685254543081,38710,85588133,460,1879701,86679605
f8686b41f44f,28f40919fc72,20,1685254552952,38710,85588133,460,1879701,86679605
f8686b41f44f,28f40919fc72,2,1685254687961,38710,85588133,460,1879701,86679605
f8686b41f44f,28f40919fc72,18,1685254687965,38710,85588133,460,1879701,86679605
f8686b41f44f,28f40919fc72,36,1685254687993,38710,85588133,460,1879701,86679605
f8686b41f44f,28f40919fc72,39,1685254688029,38710,85588133,460,1879701,86679605
f8686b41f44f,28f40919fc72,20,1685254697937,38710,85588133,460,1879701,86679605
f8686b41f44f,28f40919fc72,2,1685254708083,38710,85588133,460,1879701,86679605
f8686b41f44f,28f40919fc72,20,1685254718037,38710,85588133,460,1879701,86679605
f8686b41f44f,28f40919fc72,4,1685254730658,38710,85588133,460,1879701,86679605
f8686b41f44f,28f40919fc72,2,1685254731736,38710,85588133,460,1879701,86679605
f8686b41f44f,28f40919fc72,36,1685254731766,38710,85588133,460,1879701,86679605
f8686b41f44f,28f40919fc72,39,1685254731790,38710,85588133,460,1879701,86679605
f8686b41f44f,28f40919fc72,4,1685254793901,38710,85588133,460,1879701,86679605
f8686b41f44f,28f40919fc72,2,1685254794461,38710,85588133,460,1879701,86679605
f8686b41f44f,28f40919fc72,20,1685254804383,38710,85588133,460,1879701,86679605
f8686b41f44f,28f40919fc72,20,1685254913531,38710,85588120,460,1879701,86679605
f8686b41f44f,28f40919fc72,2,1685254987941,38710,85588185,460,1879701,86679605
f8686b41f44f,28f40919fc72,18,1685254987947,38710,85588185,460,1879701,86679605
f8686b41f44f,28f40919fc72,39,1685254988181,38710,85588185,460,1879701,86679605
f8686b41f44f,28f40919fc72,2,1685255049177,38710,85588133,460,1879701,86679605
f8686b41f44f,28f40919fc72,36,1685255049315,38710,85588133,460,1879701,86679605
f8686b41f44f,28f40919fc72,39,1685255049347,38710,85588133,460,1879701,86679605
f8686b41f44f,28f40919fc72,2,1685255124008,38710,85588133,460,1879701,86679605
f8686b41f44f,28f40919fc72,18,1685255124011,38710,85588133,460,1879701,86679605
f8686b41f44f,28f40919fc72,36,1685255124041,38710,85588133,460,1879701,86679605
f8686b41f44f,28f40919fc72,4,1685255268597,38710,85588133,460,1879701,86679605
f8686b41f44f,28f40919fc72,2,1685255269335,38710,85588133,460,1879701,86679605
f8686b41f44f,28f40919fc72,39,1685255269390,38710,85588133,460,1879701,86679605
f8686b41f44f,28f40919fc72,20,1685255279277,38710,85588133,460,1879701,86679605
f8686b41f44f,28f40919fc72,2,1685255287947,38710,85588133,460,1879701,86679605
f8686b41f44f,28f40919fc72,18,1685255287951,38710,85588133,460,1879701,86679605
f8686b41f44f,28f40919fc72,36,1685255287976,38710,85588133,460,1879701,86679605
f8686b41f44f,28f40919fc72,39,1685255288000,38710,85588133,460,1879701,86679605
f8686b41f44f,28f40919fc72,20,1685255297902,38710,85588133,460,1879701,86679605
f8686b41f44f,28f40919fc72,4,1685255298105,38710,85588133,460,1879701,86679605
f8686b41f44f,28f40919fc72,18,1685255298760,38710,85588133,460,1879701,86679605
f8686b41f44f,28f40919fc72,36,1685255298780,38710,85588133,460,1879701,86679605
f8686b41f44f,28f40919fc72,20,1685255311657,38710,85588133,460,1879701,86679605
f8686b41f44f,28f40919fc72,2,1685255540175,38710,85588133,460,1879701,86679605
f8686b41f44f,28f40919fc72,39,1685255540230,38710,85588133,460,1879701,86679605
f8686b41f44f,28f40919fc72,20,1685255550138,38710,85588133,460,1879701,86679605
f8686b41f44f,28f40919fc72,18,1685255587946,38710,85588133,460,1879701,86679605
f8686b41f44f,28f40919fc72,39,1685255588006,38710,85588133,460,1879701,86679605
f8686b41f44f,28f40919fc72,13,1685255613466,38710,85588133,460,1879701,86679605
f8686b41f44f,28f40919fc72,20,1685256393903,38710,85588133,460,1879701,86679605
f8686b41f44f,28f40919fc72,2,1685256394150,38710,85588133,460,1879701,86679605
f8686b41f44f,28f40919fc72,18,1685256394153,38710,85588133,460,1879701,86679605
f8686b41f44f,28f40919fc72,36,1685256394183,38710,85588133,460,1879701,86679605
f8686b41f44f,28f40919fc72,39,1685256394212,38710,85588133,460,1879701,86679605
f8686b41f44f,28f40919fc72,20,1685256568107,38710,85588133,460,1879701,86679605
f8686b41f44f,28f40919fc72,2,1685256569841,38710,85588133,460,1879701,86679605
f8686b41f44f,28f40919fc72,18,1685256569844,38710,85588133,460,1879701,86679605
f8686b41f44f,28f40919fc72,36,1685256569874,38710,85588133,460,1879701,86679605
f8686b41f44f,28f40919fc72,39,1685256569902,38710,85588133,460,1879701,86679605
f8686b41f44f,28f40919fc72,2,1685256622294,38710,85588133,460,1879701,86679605
f8686b41f44f,28f40919fc72,39,1685256622354,38710,85588133,460,1879701,86679605
f8686b41f44f,28f40919fc72,20,1685256645227,38710,85588133,460,1879701,86679605
f8686b41f44f,28f40919fc72,39,1685256647951,38710,85588133,460,1879701,86679605
f8686b41f44f,28f40919fc72,2,1685256828382,38710,85588126,460,1879701,86679605
f8686b41f44f,28f40919fc72,18,1685256828385,38710,85588126,460,1879701,86679605
f8686b41f44f,28f40919fc72,39,1685256828453,38710,85588126,460,1879701,86679605
f8686b41f44f,28f40919fc72,20,1685256838347,38710,85588126,460,1879701,86679605
f8686b41f44f,28f40919fc72,2,1685256892015,38710,85588126,460,1879701,86679605
f8686b41f44f,28f40919fc72,36,1685256892047,38710,85588126,460,1879701,86679605
f8686b41f44f,28f40919fc72,4,1685256936991,38710,85588126,460,1879701,86679605
f8686b41f44f,28f40919fc72,2,1685256937192,38710,85588126,460,1879701,86679605
f8686b41f44f,28f40919fc72,39,1685256944440,38710,85588133,460,1879701,86679605
f8686b41f44f,28f40919fc72,2,1685256961535,38710,85588126,460,1879701,86679605
f8686b41f44f,28f40919fc72,18,1685256961539,38710,85588126,460,1879701,86679605
f8686b41f44f,28f40919fc72,39,1685256961590,38710,85588126,460,1879701,86679605
f8686b41f44f,28f40919fc72,39,1685256968951,38710,85588120,460,1879701,86679605
f8686b41f44f,28f40919fc72,20,1685256978856,38710,85588120,460,1879701,86679605
f8686b41f44f,28f40919fc72,4,1685256979124,38710,85588120,460,1879701,86679605
f8686b41f44f,28f40919fc72,18,1685256979405,38710,85588120,460,1879701,86679605
f8686b41f44f,28f40919fc72,20,1685256989382,38710,85588120,460,1879701,86679605
f8686b41f44f,28f40919fc72,18,1685257044051,38710,85588185,460,1879701,86679605
f8686b41f44f,28f40919fc72,39,1685257045656,38710,85588133,460,1879701,86679605
f8686b41f44f,28f40919fc72,20,1685257061594,38710,85588133,460,1879701,86679605
f8686b41f44f,28f40919fc72,18,1685257188059,38710,85588133,460,1879701,86679605
f8686b41f44f,28f40919fc72,36,1685257188188,38710,85588133,460,1879701,86679605
f8686b41f44f,28f40919fc72,20,1685257203947,38710,85588133,460,1879701,86679605
f8686b41f44f,28f40919fc72,18,1685257234729,38710,85588133,460,1879701,86679605
f8686b41f44f,28f40919fc72,39,1685257234790,38710,85588133,460,1879701,86679605
f8686b41f44f,28f40919fc72,20,1685257246677,38710,85588133,460,1879701,86679605
f8686b41f44f,28f40919fc72,2,1685257246915,38710,85588133,460,1879701,86679605
f8686b41f44f,28f40919fc72,36,1685257246947,38710,85588133,460,1879701,86679605
f8686b41f44f,28f40919fc72,20,1685257256893,38710,85588133,460,1879701,86679605
f8686b41f44f,28f40919fc72,18,1685257266145,38710,85588133,460,1879701,86679605
f8686b41f44f,28f40919fc72,36,1685257266174,38710,85588133,460,1879701,86679605
f8686b41f44f,28f40919fc72,20,1685257276082,38710,85588133,460,1879701,86679605
f8686b41f44f,28f40919fc72,4,1685257296832,38710,85588133,460,1879701,86679605
f8686b41f44f,28f40919fc72,2,1685257298156,38710,85588133,460,1879701,86679605
f8686b41f44f,28f40919fc72,18,1685257298159,38710,85588133,460,1879701,86679605
f8686b41f44f,28f40919fc72,36,1685257298327,38710,85588133,460,1879701,86679605
f8686b41f44f,28f40919fc72,20,1685257311760,38710,85588185,460,1879701,86679605
f8686b41f44f,28f40919fc72,2,1685257337827,38710,85588133,460,1879701,86679605
f8686b41f44f,28f40919fc72,18,1685257337832,38710,85588133,460,1879701,86679605
f8686b41f44f,28f40919fc72,2,1685257414621,38710,85588133,460,1879701,86679605
f8686b41f44f,28f40919fc72,36,1685257414739,38710,85588133,460,1879701,86679605
f8686b41f44f,28f40919fc72,39,1685257414770,38710,85588133,460,1879701,86679605
f8686b41f44f,28f40919fc72,36,1685257491126,38710,85588133,460,1879701,86679605
f8686b41f44f,28f40919fc72,20,1685257511997,38710,85588120,460,1879701,86679605
f8686b41f44f,28f40919fc72,4,1685257522137,38710,85588126,460,1879701,86679605
f8686b41f44f,28f40919fc72,2,1685257523415,38710,85588126,460,1879701,86679605
f8686b41f44f,28f40919fc72,18,1685257523419,38710,85588126,460,1879701,86679605
f8686b41f44f,28f40919fc72,39,1685257523470,38710,85588126,460,1879701,86679605
f8686b41f44f,28f40919fc72,20,1685257562833,38710,85588126,460,1879701,86679605
f8686b41f44f,28f40919fc72,18,1685257584858,38710,85588126,460,1879701,86679605
f8686b41f44f,28f40919fc72,2,1685257624994,38710,85588126,460,1879701,86679605
f8686b41f44f,28f40919fc72,36,1685257625025,38710,85588126,460,1879701,86679605
f8686b41f44f,28f40919fc72,39,1685257632016,38710,85588133,460,1879701,86679605
f8686b41f44f,28f40919fc72,4,1685257747190,38710,85588133,460,1879701,86679605
f8686b41f44f,28f40919fc72,18,1685257747430,38710,85588133,460,1879701,86679605
f8686b41f44f,28f40919fc72,36,1685257747535,38710,85588133,460,1879701,86679605
f8686b41f44f,28f40919fc72,39,1685257747567,38710,85588133,460,1879701,86679605
f8686b41f44f,28f40919fc72,20,1685257757392,38710,85588133,460,1879701,86679605
f8686b41f44f,28f40919fc72,2,1685257792048,38710,85588133,460,1879701,86679605
f8686b41f44f,28f40919fc72,18,1685257792051,38710,85588133,460,1879701,86679605
f8686b41f44f,28f40919fc72,20,1685257805980,38710,85588133,460,1879701,86679605
f8686b41f44f,28f40919fc72,36,1685257942342,38710,85588133,460,1879701,86679605
f8686b41f44f,28f40919fc72,20,1685257954082,38710,85588133,460,1879701,86679605
f8686b41f44f,28f40919fc72,4,1685257992379,38710,85588133,460,1879701,86679605
f8686b41f44f,28f40919fc72,2,1685257993182,38710,85588133,460,1879701,86679605
f8686b41f44f,28f40919fc72,18,1685257993184,38710,85588133,460,1879701,86679605
f8686b41f44f,28f40919fc72,39,1685257993242,38710,85588133,460,1879701,86679605
f8686b41f44f,28f40919fc72,36,1685258004762,38710,85588133,460,1879701,86679605
f8686b41f44f,28f40919fc72,39,1685258004792,38710,85588133,460,1879701,86679605
f8686b41f44f,28f40919fc72,20,1685258014653,38710,85588133,460,1879701,86679605
f8686b41f44f,28f40919fc72,4,1685258022067,38710,85588133,460,1879701,86679605
f8686b41f44f,28f40919fc72,18,1685258022618,38710,85588133,460,1879701,86679605
f8686b41f44f,28f40919fc72,20,1685258041529,38710,85588133,460,1879701,86679605
f8686b41f44f,28f40919fc72,2,1685258091940,38710,85588133,460,1879701,86679605
f8686b41f44f,28f40919fc72,39,1685258092002,38710,85588133,460,1879701,86679605
f8686b41f44f,28f40919fc72,39,1685258095500,38710,85588126,460,1879701,86679605
f8686b41f44f,28f40919fc72,39,1685258099194,38710,85588120,460,1879701,86679605
f8686b41f44f,28f40919fc72,4,1685258155653,38710,250714715,460,1879701,86679605
f8686b41f44f,28f40919fc72,2,1685258158311,38710,250714715,460,1879701,86679605
f8686b41f44f,28f40919fc72,18,1685258158317,38710,250714715,460,1879701,86679605
f8686b41f44f,28f40919fc72,36,1685258158346,38710,250714715,460,1879701,86679605
f8686b41f44f,28f40919fc72,39,1685258158393,38710,250714715,460,1879701,86679605
f8686b41f44f,28f40919fc72,20,1685258168299,38710,250714715,460,1879701,86679605
f8686b41f44f,28f40919fc72,4,1685258219812,38710,85588126,460,1879701,86679605
f8686b41f44f,28f40919fc72,2,1685258222294,38710,85588126,460,1879701,86679605
f8686b41f44f,28f40919fc72,18,1685258222297,38710,85588126,460,1879701,86679605
f8686b41f44f,28f40919fc72,36,1685258222325,38710,85588126,460,1879701,86679605
f8686b41f44f,28f40919fc72,39,1685258222351,38710,85588126,460,1879701,86679605
f8686b41f44f,28f40919fc72,20,1685258234244,38710,85588126,460,1879701,86679605
f8686b41f44f,28f40919fc72,4,1685258268805,38710,85588126,460,1879701,86679605
f8686b41f44f,28f40919fc72,2,1685258269654,38710,85588126,460,1879701,86679605
f8686b41f44f,28f40919fc72,36,1685258269684,38710,85588126,460,1879701,86679605
f8686b41f44f,28f40919fc72,39,1685258269717,38710,85588126,460,1879701,86679605
f8686b41f44f,28f40919fc72,36,1685258392104,38710,85588126,460,1879701,86679605
f8686b41f44f,28f40919fc72,39,1685258392133,38710,85588126,460,1879701,86679605
f8686b41f44f,28f40919fc72,20,1685258403920,38710,85588126,460,1879701,86679605
f8686b41f44f,28f40919fc72,2,1685258501340,38710,85588126,460,1879701,86679605
f8686b41f44f,28f40919fc72,18,1685258501342,38710,85588126,460,1879701,86679605
f8686b41f44f,28f40919fc72,20,1685258515320,38710,85588126,460,1879701,86679605
f8686b41f44f,28f40919fc72,4,1685258568270,38710,85588126,460,1879701,86679605
f8686b41f44f,28f40919fc72,18,1685258569181,38710,85588126,460,1879701,86679605
f8686b41f44f,28f40919fc72,36,1685258569212,38710,85588126,460,1879701,86679605
f8686b41f44f,28f40919fc72,4,1685258677383,38710,85588126,460,1879701,86679605
f8686b41f44f,28f40919fc72,2,1685258677982,38710,85588126,460,1879701,86679605
f8686b41f44f,28f40919fc72,18,1685258677985,38710,85588126,460,1879701,86679605
f8686b41f44f,28f40919fc72,36,1685258678008,38710,85588126,460,1879701,86679605
f8686b41f44f,28f40919fc72,39,1685258678041,38710,85588126,460,1879701,86679605
f8686b41f44f,28f40919fc72,20,1685258687897,38710,85588126,460,1879701,86679605
f8686b41f44f,28f40919fc72,2,1685258690507,38710,85588126,460,1879701,86679605
f8686b41f44f,28f40919fc72,36,1685258690542,38710,85588126,460,1879701,86679605
f8686b41f44f,28f40919fc72,39,1685258690572,38710,85588126,460,1879701,86679605
f8686b41f44f,28f40919fc72,20,1685258702414,38710,85588126,460,1879701,86679605
f8686b41f44f,28f40919fc72,4,1685258711540,38710,85588126,460,1879701,86679605
f8686b41f44f,28f40919fc72,2,1685258712542,38710,85588126,460,1879701,86679605
f8686b41f44f,28f40919fc72,18,1685258712546,38710,85588126,460,1879701,86679605
f8686b41f44f,28f40919fc72,36,1685258712575,38710,85588126,460,1879701,86679605
f8686b41f44f,28f40919fc72,39,1685258712610,38710,85588126,460,1879701,86679605
f8686b41f44f,28f40919fc72,21,1685258720091,38710,85588126,460,1879701,86679605
f8686b41f44f,28f40919fc72,11,1685258720091,38710,85588126,460,1879701,86679605
f8686b41f44f,28f40919fc72,18,1685258752224,38710,85588126,460,1879701,86679605
f8686b41f44f,28f40919fc72,39,1685258752281,38710,85588126,460,1879701,86679605
f8686b41f44f,28f40919fc72,4,1685258842214,38710,85588126,460,1879701,86679605
f8686b41f44f,28f40919fc72,36,1685258843132,38710,85588126,460,1879701,86679605
f8686b41f44f,28f40919fc72,39,1685258843165,38710,85588126,460,1879701,86679605
f8686b41f44f,28f40919fc72,18,1685258871950,38710,85588126,460,1879701,86679605
f8686b41f44f,28f40919fc72,39,1685258872010,38710,85588126,460,1879701,86679605
f8686b41f44f,28f40919fc72,36,1685258991616,38710,85588126,460,1879701,86679605
f8686b41f44f,28f40919fc72,39,1685258991647,38710,85588126,460,1879701,86679605
f8686b41f44f,28f40919fc72,18,1685259032925,38710,85588126,460,1879701,86679605
f8686b41f44f,28f40919fc72,39,1685259032991,38710,85588126,460,1879701,86679605
f8686b41f44f,28f40919fc72,20,1685259042830,38710,85588126,460,1879701,86679605
f8686b41f44f,28f40919fc72,4,1685259054024,38710,85588126,460,1879701,86679605
f8686b41f44f,28f40919fc72,2,1685259054302,38710,85588126,460,1879701,86679605
f8686b41f44f,28f40919fc72,18,1685259054305,38710,85588126,460,1879701,86679605
f8686b41f44f,28f40919fc72,36,1685259054337,38710,85588126,460,1879701,86679605
f8686b41f44f,28f40919fc72,4,1685259143856,38710,85588126,460,1879701,86679605
f8686b41f44f,28f40919fc72,2,1685259145181,38710,85588126,460,1879701,86679605
f8686b41f44f,28f40919fc72,39,1685259145241,38710,85588126,460,1879701,86679605
f8686b41f44f,28f40919fc72,4,1685259175185,38710,85588126,460,1879701,86679605
f8686b41f44f,28f40919fc72,2,1685259175900,38710,85588126,460,1879701,86679605
f8686b41f44f,28f40919fc72,18,1685259175905,38710,85588126,460,1879701,86679605
f8686b41f44f,28f40919fc72,36,1685259175931,38710,85588126,460,1879701,86679605
f8686b41f44f,28f40919fc72,39,1685259175967,38710,85588126,460,1879701,86679605
f8686b41f44f,28f40919fc72,20,1685259185880,38710,85588126,460,1879701,86679605
f8686b41f44f,28f40919fc72,4,1685259273058,38710,85588126,460,1879701,86679605
f8686b41f44f,28f40919fc72,39,1685259273244,38710,85588126,460,1879701,86679605
f8686b41f44f,28f40919fc72,34,1685259273339,38710,85588126,460,1879701,86679605
f8686b41f44f,28f40919fc72,11,1685259316159,38710,85588126,460,1879701,86679605
f8686b41f44f,28f40919fc72,4,1685259379000,38710,85588133,460,1879701,86679605
f8686b41f44f,28f40919fc72,2,1685259379414,38710,85588133,460,1879701,86679605
f8686b41f44f,28f40919fc72,18,1685259379417,38710,85588133,460,1879701,86679605
f8686b41f44f,28f40919fc72,36,1685259379444,38710,85588133,460,1879701,86679605
f8686b41f44f,28f40919fc72,39,1685259379475,38710,85588133,460,1879701,86679605
f8686b41f44f,28f40919fc72,2,1685259399637,38710,85588133,460,1879701,86679605
f8686b41f44f,28f40919fc72,39,1685259399705,38710,85588133,460,1879701,86679605
f8686b41f44f,28f40919fc72,39,1685259409662,38710,85588123,460,1879701,86679605
f8686b41f44f,28f40919fc72,20,1685259432363,38710,85588121,460,1879701,86679605
f8686b41f44f,28f40919fc72,2,1685259437667,38710,85588121,460,1879701,86679605
f8686b41f44f,28f40919fc72,4,1685259477751,38710,85588121,460,1879701,86679605
f8686b41f44f,28f40919fc72,2,1685259477981,38710,85588121,460,1879701,86679605
f8686b41f44f,28f40919fc72,18,1685259477985,38710,85588121,460,1879701,86679605
f8686b41f44f,28f40919fc72,39,1685259478048,38710,85588121,460,1879701,86679605
f8686b41f44f,28f40919fc72,20,1685259487961,38710,85588121,460,1879701,86679605
f8686b41f44f,28f40919fc72,4,1685259619462,38710,85588121,460,1879701,86679605
f8686b41f44f,28f40919fc72,2,1685259620066,38710,85588121,460,1879701,86679605
f8686b41f44f,28f40919fc72,18,1685259620068,38710,85588121,460,1879701,86679605
f8686b41f44f,28f40919fc72,36,1685259620096,38710,85588121,460,1879701,86679605
f8686b41f44f,28f40919fc72,39,1685259620125,38710,85588121,460,1879701,86679605
f8686b41f44f,28f40919fc72,20,1685259630037,38710,85588121,460,1879701,86679605
f8686b41f44f,28f40919fc72,18,1685259645012,38710,85588121,460,1879701,86679605
f8686b41f44f,28f40919fc72,36,1685259645090,38710,85588121,460,1879701,86679605
f8686b41f44f,28f40919fc72,39,1685259645130,38710,85588121,460,1879701,86679605
f8686b41f44f,28f40919fc72,20,1685259654930,38710,85588121,460,1879701,86679605
f8686b41f44f,28f40919fc72,2,1685259701129,38710,85588121,460,1879701,86679605
f8686b41f44f,28f40919fc72,39,1685259701201,38710,85588121,460,1879701,86679605
f8686b41f44f,28f40919fc72,4,1685259779627,38710,85588121,460,1879701,86679605
f8686b41f44f,28f40919fc72,18,1685259780061,38710,85588121,460,1879701,86679605
f8686b41f44f,28f40919fc72,36,1685259780183,38710,85588121,460,1879701,86679605
f8686b41f44f,28f40919fc72,2,1685259795437,38710,85588121,460,1879701,86679605
f8686b41f44f,28f40919fc72,18,1685259795439,38710,85588121,460,1879701,86679605
f8686b41f44f,28f40919fc72,36,1685259795465,38710,85588121,460,1879701,86679605
f8686b41f44f,28f40919fc72,2,1685259807862,38710,85588121,460,1879701,86679605
f8686b41f44f,28f40919fc72,18,1685259807865,38710,85588121,460,1879701,86679605
f8686b41f44f,28f40919fc72,39,1685259807947,38710,85588121,460,1879701,86679605
f8686b41f44f,28f40919fc72,36,1685259824892,38710,85588121,460,1879701,86679605
f8686b41f44f,28f40919fc72,18,1685259861303,38710,85588121,460,1879701,86679605
f8686b41f44f,28f40919fc72,36,1685259861420,38710,85588121,460,1879701,86679605
f8686b41f44f,28f40919fc72,20,1685259924206,38710,85588121,460,1879701,86679605
f8686b41f44f,28f40919fc72,2,1685259924465,38710,85588121,460,1879701,86679605
f8686b41f44f,28f40919fc72,18,1685259924469,38710,85588121,460,1879701,86679605
f8686b41f44f,28f40919fc72,36,1685259924505,38710,85588121,460,1879701,86679605
f8686b41f44f,28f40919fc72,2,1685259934919,38710,85588121,460,1879701,86679605
f8686b41f44f,28f40919fc72,36,1685259934949,38710,85588121,460,1879701,86679605
f8686b41f44f,28f40919fc72,4,1685259946118,38710,85588121,460,1879701,86679605
f8686b41f44f,28f40919fc72,2,1685259946486,38710,85588121,460,1879701,86679605
f8686b41f44f,28f40919fc72,18,1685259946490,38710,85588121,460,1879701,86679605
f8686b41f44f,28f40919fc72,36,1685259946517,38710,85588121,460,1879701,86679605
f8686b41f44f,28f40919fc72,39,1685259946550,38710,85588121,460,1879701,86679605
f8686b41f44f,28f40919fc72,20,1685259961405,38710,85588121,460,1879701,86679605
f8686b41f44f,28f40919fc72,4,1685259962520,38710,85588121,460,1879701,86679605
f8686b41f44f,28f40919fc72,2,1685259963131,38710,85588121,460,1879701,86679605
f8686b41f44f,28f40919fc72,18,1685259963133,38710,85588121,460,1879701,86679605
f8686b41f44f,28f40919fc72,36,1685259963158,38710,85588121,460,1879701,86679605
f8686b41f44f,28f40919fc72,39,1685259963200,38710,85588121,460,1879701,86679605
f8686b41f44f,28f40919fc72,4,1685259984730,38710,85588129,460,1879701,86679605
f8686b41f44f,28f40919fc72,2,1685259984854,38710,85588129,460,1879701,86679605
f8686b41f44f,28f40919fc72,18,1685259984857,38710,85588129,460,1879701,86679605
f8686b41f44f,28f40919fc72,36,1685259984884,38710,85588129,460,1879701,86679605
f8686b41f44f,28f40919fc72,39,1685259984909,38710,85588129,460,1879701,86679605
f8686b41f44f,28f40919fc72,20,1685259996776,38710,85588129,460,1879701,86679605
f8686b41f44f,28f40919fc72,4,1685260025851,38710,85588129,460,1879701,86679605
f8686b41f44f,28f40919fc72,2,1685260027111,38710,85588129,460,1879701,86679605
f8686b41f44f,28f40919fc72,18,1685260027113,38710,85588129,460,1879701,86679605
f8686b41f44f,28f40919fc72,39,1685260027177,38710,85588129,460,1879701,86679605
f8686b41f44f,28f40919fc72,39,1685260027530,38710,85588126,460,1879701,86679605
f8686b41f44f,28f40919fc72,20,1685260037436,38710,85588126,460,1879701,86679605
f8686b41f44f,28f40919fc72,18,1685260038785,38710,85588126,460,1879701,86679605
f8686b41f44f,28f40919fc72,18,1685260083452,38710,85588126,460,1879701,86679605
f8686b41f44f,28f40919fc72,36,1685260083482,38710,85588126,460,1879701,86679605
f8686b41f44f,28f40919fc72,39,1685260083514,38710,85588126,460,1879701,86679605
f8686b41f44f,28f40919fc72,20,1685260095048,38710,85588120,460,1879701,86679605
f8686b41f44f,28f40919fc72,20,1685260127875,38710,85588126,460,1879701,86679605
f8686b41f44f,28f40919fc72,2,1685260225909,38710,85588129,460,1879701,86679605
f8686b41f44f,28f40919fc72,18,1685260225912,38710,85588129,460,1879701,86679605
f8686b41f44f,28f40919fc72,36,1685260225940,38710,85588129,460,1879701,86679605
f8686b41f44f,28f40919fc72,4,1685260256901,38710,85588123,460,1879701,86679605
f8686b41f44f,28f40919fc72,2,1685260257502,38710,85588123,460,1879701,86679605
f8686b41f44f,28f40919fc72,18,1685260257506,38710,85588123,460,1879701,86679605
f8686b41f44f,28f40919fc72,36,1685260257537,38710,85588123,460,1879701,86679605
f8686b41f44f,28f40919fc72,20,1685260267468,38710,85588123,460,1879701,86679605
f8686b41f44f,28f40919fc72,4,1685260286521,38710,85588129,460,1879701,86679605
f8686b41f44f,28f40919fc72,2,1685260286942,38710,85588129,460,1879701,86679605
f8686b41f44f,28f40919fc72,2,1685260328936,38710,85588123,460,1879701,86679605
f8686b41f44f,28f40919fc72,18,1685260328940,38710,85588123,460,1879701,86679605
f8686b41f44f,28f40919fc72,36,1685260328972,38710,85588123,460,1879701,86679605
f8686b41f44f,28f40919fc72,39,1685260328999,38710,85588123,460,1879701,86679605
f8686b41f44f,28f40919fc72,20,1685260338823,38710,85588123,460,1879701,86679605
f8686b41f44f,28f40919fc72,4,1685260407785,38710,85588126,460,1879701,86679605
f8686b41f44f,28f40919fc72,2,1685260408560,38710,85588126,460,1879701,86679605
f8686b41f44f,28f40919fc72,18,1685260408563,38710,85588126,460,1879701,86679605
f8686b41f44f,28f40919fc72,39,1685260408624,38710,85588126,460,1879701,86679605
f8686b41f44f,28f40919fc72,20,1685260421491,38710,85588126,460,1879701,86679605
f8686b41f44f,28f40919fc72,2,1685260525927,38710,85588133,460,1879701,86679605
f8686b41f44f,28f40919fc72,18,1685260525929,38710,85588133,460,1879701,86679605
f8686b41f44f,28f40919fc72,36,1685260525961,38710,85588133,460,1879701,86679605
f8686b41f44f,28f40919fc72,20,1685260539873,38710,85588133,460,1879701,86679605
f8686b41f44f,28f40919fc72,36,1685260543976,38710,85588133,460,1879701,86679605
f8686b41f44f,28f40919fc72,20,1685260555917,38710,85588133,460,1879701,86679605
f8686b41f44f,28f40919fc72,2,1685260556244,38710,85588133,460,1879701,86679605
f8686b41f44f,28f40919fc72,18,1685260556247,38710,85588133,460,1879701,86679605
f8686b41f44f,28f40919fc72,36,1685260556276,38710,85588133,460,1879701,86679605
f8686b41f44f,28f40919fc72,39,1685260556312,38710,85588133,460,1879701,86679605
f8686b41f44f,28f40919fc72,20,1685260633142,38710,85588133,460,1879701,86679605
f8686b41f44f,28f40919fc72,2,1685260634330,38710,85588133,460,1879701,86679605
f8686b41f44f,28f40919fc72,18,1685260634332,38710,85588133,460,1879701,86679605
f8686b41f44f,28f40919fc72,36,1685260634361,38710,85588133,460,1879701,86679605
f8686b41f44f,28f40919fc72,20,1685260644222,38710,85588133,460,1879701,86679605
f8686b41f44f,28f40919fc72,4,1685260649891,38710,85588133,460,1879701,86679605
f8686b41f44f,28f40919fc72,2,1685260650459,38710,85588133,460,1879701,86679605
f8686b41f44f,28f40919fc72,18,1685260650463,38710,85588133,460,1879701,86679605
f8686b41f44f,28f40919fc72,4,1685260673866,38710,85588133,460,1879701,86679605
f8686b41f44f,28f40919fc72,2,1685260674781,38710,85588133,460,1879701,86679605
f8686b41f44f,28f40919fc72,18,1685260674784,38710,85588133,460,1879701,86679605
f8686b41f44f,28f40919fc72,36,1685260674812,38710,85588133,460,1879701,86679605
f8686b41f44f,28f40919fc72,39,1685260674846,38710,85588133,460,1879701,86679605
f8686b41f44f,28f40919fc72,20,1685260702050,38710,85588120,460,1879701,86679605
f8686b41f44f,28f40919fc72,4,1685260707877,38710,85588120,460,1879701,86679605
f8686b41f44f,28f40919fc72,2,1685260708081,38710,85588120,460,1879701,86679605
f8686b41f44f,28f40919fc72,36,1685260708116,38710,85588120,460,1879701,86679605
f8686b41f44f,28f40919fc72,4,1685260718419,38710,85588120,460,1879701,86679605
f8686b41f44f,28f40919fc72,2,1685260719607,38710,85588120,460,1879701,86679605
f8686b41f44f,28f40919fc72,18,1685260719610,38710,85588120,460,1879701,86679605
f8686b41f44f,28f40919fc72,36,1685260719637,38710,85588120,460,1879701,86679605
f8686b41f44f,28f40919fc72,39,1685260719672,38710,85588120,460,1879701,86679605
f8686b41f44f,28f40919fc72,20,1685260738506,38710,85588120,460,1879701,86679605
f8686b41f44f,28f40919fc72,18,1685260803014,38710,85588120,460,1879701,86679605
f8686b41f44f,28f40919fc72,36,1685260803049,38710,85588120,460,1879701,86679605
f8686b41f44f,28f40919fc72,39,1685260803083,38710,85588120,460,1879701,86679605
f8686b41f44f,28f40919fc72,2,1685260957210,38710,85588126,460,1879701,86679605
f8686b41f44f,28f40919fc72,39,1685260957274,38710,85588126,460,1879701,86679605
f8686b41f44f,28f40919fc72,36,1685260971934,38710,85588126,460,1879701,86679605
f8686b41f44f,28f40919fc72,39,1685260984955,38710,85588120,460,1879701,86679605
f8686b41f44f,28f40919fc72,20,1685260994902,38710,85588120,460,1879701,86679605
f8686b41f44f,28f40919fc72,4,1685261002027,38710,85588120,460,1879701,86679605
f8686b41f44f,28f40919fc72,18,1685261002458,38710,85588120,460,1879701,86679605
f8686b41f44f,28f40919fc72,36,1685261002494,38710,85588120,460,1879701,86679605
f8686b41f44f,28f40919fc72,2,1685261013149,38710,85588120,460,1879701,86679605
f8686b41f44f,28f40919fc72,20,1685261028206,38710,85588126,460,1879701,86679605
f8686b41f44f,28f40919fc72,2,1685261136871,38710,85588133,460,1879701,86679605
f8686b41f44f,28f40919fc72,18,1685261136874,38710,85588133,460,1879701,86679605
f8686b41f44f,28f40919fc72,2,1685261192922,38710,85588185,460,1879701,86679605
f8686b41f44f,28f40919fc72,18,1685261192924,38710,85588185,460,1879701,86679605
f8686b41f44f,28f40919fc72,36,1685261193131,38710,85588185,460,1879701,86679605
f8686b41f44f,28f40919fc72,39,1685261195089,38710,85588133,460,1879701,86679605
f8686b41f44f,28f40919fc72,39,1685261216710,38710,85588185,460,1879701,86679605
f8686b41f44f,28f40919fc72,20,1685261233579,38710,85588185,460,1879701,86679605
f8686b41f44f,28f40919fc72,4,1685261268994,38710,85588185,460,1879701,86679605
f8686b41f44f,28f40919fc72,36,1685261270015,38710,85588185,460,1879701,86679605
f8686b41f44f,28f40919fc72,39,1685261270051,38710,85588185,460,1879701,86679605
f8686b41f44f,28f40919fc72,39,1685261271547,38710,85588133,460,1879701,86679605
f8686b41f44f,28f40919fc72,18,1685261312224,38710,85588133,460,1879701,86679605
f8686b41f44f,28f40919fc72,39,1685261312286,38710,85588133,460,1879701,86679605
f8686b41f44f,28f40919fc72,20,1685261326164,38710,85588133,460,1879701,86679605
f8686b41f44f,28f40919fc72,4,1685261342526,38710,85588133,460,1879701,86679605
f8686b41f44f,28f40919fc72,2,1685261342953,38710,85588133,460,1879701,86679605
f8686b41f44f,28f40919fc72,18,1685261342956,38710,85588133,460,1879701,86679605
f8686b41f44f,28f40919fc72,39,1685261343138,38710,85588133,460,1879701,86679605
f8686b41f44f,28f40919fc72,20,1685261352859,38710,85588133,460,1879701,86679605
f8686b41f44f,28f40919fc72,2,1685261516891,38710,85588133,460,1879701,86679605
f8686b41f44f,28f40919fc72,18,1685261516895,38710,85588133,460,1879701,86679605
f8686b41f44f,28f40919fc72,36,1685261517056,38710,85588133,460,1879701,86679605
f8686b41f44f,28f40919fc72,39,1685261517095,38710,85588133,460,1879701,86679605
f8686b41f44f,28f40919fc72,39,1685261522675,38710,85588120,460,1879701,86679605
f8686b41f44f,28f40919fc72,20,1685261532591,38710,85588120,460,1879701,86679605
f8686b41f44f,28f40919fc72,2,1685261816924,38710,85588133,460,1879701,86679605
f8686b41f44f,28f40919fc72,18,1685261816928,38710,85588133,460,1879701,86679605
f8686b41f44f,28f40919fc72,36,1685261816957,38710,85588133,460,1879701,86679605
f8686b41f44f,28f40919fc72,39,1685261816986,38710,85588133,460,1879701,86679605
f8686b41f44f,28f40919fc72,2,1685261859949,38710,85588133,460,1879701,86679605
f8686b41f44f,28f40919fc72,36,1685261860070,38710,85588133,460,1879701,86679605
f8686b41f44f,28f40919fc72,2,1685261885024,38710,85588133,460,1879701,86679605
f8686b41f44f,28f40919fc72,36,1685261885053,38710,85588133,460,1879701,86679605
f8686b41f44f,28f40919fc72,4,1685261964006,38710,85588133,460,1879701,86679605
f8686b41f44f,28f40919fc72,2,1685261965019,38710,85588133,460,1879701,86679605
f8686b41f44f,28f40919fc72,36,1685261965051,38710,85588133,460,1879701,86679605
f8686b41f44f,28f40919fc72,2,1685262006173,38710,85588133,460,1879701,86679605
f8686b41f44f,28f40919fc72,4,1685262118022,38710,85588133,460,1879701,86679605
f8686b41f44f,28f40919fc72,2,1685262118614,38710,85588133,460,1879701,86679605
f8686b41f44f,28f40919fc72,18,1685262118618,38710,85588133,460,1879701,86679605
f8686b41f44f,28f40919fc72,36,1685262118769,38710,85588133,460,1879701,86679605
f8686b41f44f,28f40919fc72,39,1685262118806,38710,85588133,460,1879701,86679605
f8686b41f44f,28f40919fc72,2,1685262153932,38710,85588133,460,1879701,86679605
f8686b41f44f,28f40919fc72,36,1685262154081,38710,85588133,460,1879701,86679605
f8686b41f44f,28f40919fc72,39,1685262154121,38710,85588133,460,1879701,86679605
f8686b41f44f,28f40919fc72,39,1685262156184,38710,85588185,460,1879701,86679605
f8686b41f44f,28f40919fc72,39,1685262158104,38710,85588133,460,1879701,86679605
f8686b41f44f,28f40919fc72,20,1685262176848,38710,85588120,460,1879701,86679605
f8686b41f44f,28f40919fc72,18,1685262245960,38710,85588126,460,1879701,86679605
f8686b41f44f,28f40919fc72,36,1685262245991,38710,85588126,460,1879701,86679605
f8686b41f44f,28f40919fc72,39,1685262246026,38710,85588126,460,1879701,86679605
f8686b41f44f,28f40919fc72,39,1685262254407,38710,85588133,460,1879701,86679605
f8686b41f44f,28f40919fc72,20,1685262269354,38710,85588133,460,1879701,86679605
f8686b41f44f,28f40919fc72,2,1685262365901,38710,85588133,460,1879701,86679605
f8686b41f44f,28f40919fc72,36,1685262365936,38710,85588133,460,1879701,86679605
f8686b41f44f,28f40919fc72,39,1685262365966,38710,85588133,460,1879701,86679605
f8686b41f44f,28f40919fc72,18,1685262506463,38710,85588126,460,1879701,86679605
f8686b41f44f,28f40919fc72,39,1685262506516,38710,85588126,460,1879701,86679605
f8686b41f44f,28f40919fc72,20,1685262516358,38710,85588126,460,1879701,86679605
f8686b41f44f,28f40919fc72,2,1685262544550,38710,85588126,460,1879701,86679605
f8686b41f44f,28f40919fc72,36,1685262544580,38710,85588126,460,1879701,86679605
f8686b41f44f,28f40919fc72,39,1685262555371,38710,85588133,460,1879701,86679605
f8686b41f44f,28f40919fc72,20,1685262565318,38710,85588133,460,1879701,86679605
f8686b41f44f,28f40919fc72,2,1685262576890,38710,85588133,460,1879701,86679605
f8686b41f44f,28f40919fc72,36,1685262576923,38710,85588133,460,1879701,86679605
f8686b41f44f,28f40919fc72,39,1685262576956,38710,85588133,460,1879701,86679605
f8686b41f44f,28f40919fc72,4,1685262710548,38710,85588133,460,1879701,86679605
f8686b41f44f,28f40919fc72,2,1685262711263,38710,85588133,460,1879701,86679605
f8686b41f44f,28f40919fc72,36,1685262711293,38710,85588133,460,1879701,86679605
f8686b41f44f,28f40919fc72,20,1685262721210,38710,85588133,460,1879701,86679605
f8686b41f44f,28f40919fc72,18,1685262822623,38710,85588133,460,1879701,86679605
f8686b41f44f,28f40919fc72,36,1685262822779,38710,85588133,460,1879701,86679605
f8686b41f44f,28f40919fc72,39,1685262822827,38710,85588133,460,1879701,86679605
f8686b41f44f,28f40919fc72,2,1685262845654,38710,85588133,460,1879701,86679605
f8686b41f44f,28f40919fc72,36,1685262845679,38710,85588133,460,1879701,86679605
f8686b41f44f,28f40919fc72,20,1685262868635,38710,85588133,460,1879701,86679605
f8686b41f44f,28f40919fc72,2,1685262978779,38710,85588133,460,1879701,86679605
f8686b41f44f,28f40919fc72,39,1685262978845,38710,85588133,460,1879701,86679605
f8686b41f44f,28f40919fc72,4,1685263058057,38710,85588133,460,1879701,86679605
f8686b41f44f,28f40919fc72,2,1685263059413,38710,85588133,460,1879701,86679605
f8686b41f44f,28f40919fc72,18,1685263059417,38710,85588133,460,1879701,86679605
f8686b41f44f,28f40919fc72,36,1685263059443,38710,85588133,460,1879701,86679605
f8686b41f44f,28f40919fc72,39,1685263059468,38710,85588133,460,1879701,86679605
f8686b41f44f,28f40919fc72,20,1685263076284,38710,85588120,460,1879701,86679605
f8686b41f44f,28f40919fc72,18,1685263106783,38710,85588120,460,1879701,86679605
f8686b41f44f,28f40919fc72,36,1685263106814,38710,85588120,460,1879701,86679605
f8686b41f44f,28f40919fc72,39,1685263106850,38710,85588120,460,1879701,86679605
f8686b41f44f,28f40919fc72,39,1685263109379,38710,85588126,460,1879701,86679605
f8686b41f44f,28f40919fc72,20,1685263125825,38710,85588120,460,1879701,86679605
f8686b41f44f,28f40919fc72,2,1685263145843,38710,85588120,460,1879701,86679605
f8686b41f44f,28f40919fc72,18,1685263145845,38710,85588120,460,1879701,86679605
f8686b41f44f,28f40919fc72,36,1685263145873,38710,85588120,460,1879701,86679605
f8686b41f44f,28f40919fc72,39,1685263145909,38710,85588120,460,1879701,86679605
f8686b41f44f,28f40919fc72,18,1685263158462,38710,85588120,460,1879701,86679605
f8686b41f44f,28f40919fc72,36,1685263158496,38710,85588120,460,1879701,86679605
f8686b41f44f,28f40919fc72,39,1685263158532,38710,85588120,460,1879701,86679605
f8686b41f44f,28f40919fc72,20,1685263168340,38710,85588120,460,1879701,86679605
f8686b41f44f,28f40919fc72,2,1685263207910,38710,85588126,460,1879701,86679605
f8686b41f44f,28f40919fc72,18,1685263207913,38710,85588126,460,1879701,86679605
f8686b41f44f,28f40919fc72,39,1685263208065,38710,85588126,460,1879701,86679605
f8686b41f44f,28f40919fc72,4,1685263279920,38710,85588133,460,1879701,86679605
f8686b41f44f,28f40919fc72,2,1685263280860,38710,85588133,460,1879701,86679605
f8686b41f44f,28f40919fc72,18,1685263280864,38710,85588133,460,1879701,86679605
f8686b41f44f,28f40919fc72,36,1685263280898,38710,85588133,460,1879701,86679605
f8686b41f44f,28f40919fc72,39,1685263280931,38710,85588133,460,1879701,86679605
f8686b41f44f,28f40919fc72,2,1685263381978,38710,85588133,460,1879701,86679605
f8686b41f44f,28f40919fc72,39,1685263382044,38710,85588133,460,1879701,86679605
f8686b41f44f,28f40919fc72,39,1685263389535,38710,85588126,460,1879701,86679605
f8686b41f44f,28f40919fc72,39,1685263395540,38710,85588133,460,1879701,86679605
f8686b41f44f,28f40919fc72,2,1685263445851,38710,85588133,460,1879701,86679605
f8686b41f44f,28f40919fc72,36,1685263445886,38710,85588133,460,1879701,86679605
f8686b41f44f,28f40919fc72,2,1685263509980,38710,85588133,460,1879701,86679605
f8686b41f44f,28f40919fc72,4,1685263719132,38710,85588133,460,1879701,86679605
f8686b41f44f,28f40919fc72,2,1685263719908,38710,85588133,460,1879701,86679605
f8686b41f44f,28f40919fc72,18,1685263719910,38710,85588133,460,1879701,86679605
f8686b41f44f,28f40919fc72,36,1685263719940,38710,85588133,460,1879701,86679605
f8686b41f44f,28f40919fc72,39,1685263719974,38710,85588133,460,1879701,86679605
f8686b41f44f,28f40919fc72,39,1685263731995,38710,85588120,460,1879701,86679605
f8686b41f44f,28f40919fc72,2,1685263757379,38710,85588120,460,1879701,86679605
f8686b41f44f,28f40919fc72,18,1685263757383,38710,85588120,460,1879701,86679605
f8686b41f44f,28f40919fc72,36,1685263757420,38710,85588120,460,1879701,86679605
f8686b41f44f,28f40919fc72,39,1685263757451,38710,85588120,460,1879701,86679605
f8686b41f44f,28f40919fc72,18,1685263768228,38710,85588120,460,1879701,86679605
f8686b41f44f,28f40919fc72,36,1685263768250,38710,85588120,460,1879701,86679605
f8686b41f44f,28f40919fc72,39,1685263768286,38710,85588120,460,1879701,86679605
f8686b41f44f,28f40919fc72,39,1685263780183,38710,85588133,460,1879701,86679605
f8686b41f44f,28f40919fc72,20,1685263790056,38710,85588133,460,1879701,86679605
f8686b41f44f,28f40919fc72,4,1685263794624,38710,85588133,460,1879701,86679605
f8686b41f44f,28f40919fc72,2,1685263795415,38710,85588133,460,1879701,86679605
f8686b41f44f,28f40919fc72,18,1685263795419,38710,85588133,460,1879701,86679605
f8686b41f44f,28f40919fc72,36,1685263795449,38710,85588133,460,1879701,86679605
f8686b41f44f,28f40919fc72,39,1685263795480,38710,85588133,460,1879701,86679605
f8686b41f44f,28f40919fc72,2,1685263808201,38710,85588133,460,1879701,86679605
f8686b41f44f,28f40919fc72,18,1685263808205,38710,85588133,460,1879701,86679605
f8686b41f44f,28f40919fc72,36,1685263808236,38710,85588133,460,1879701,86679605
f8686b41f44f,28f40919fc72,20,1685263823131,38710,85588133,460,1879701,86679605
f8686b41f44f,28f40919fc72,4,1685263824896,38710,85588133,460,1879701,86679605
f8686b41f44f,28f40919fc72,39,1685263831199,38710,85588126,460,1879701,86679605
f8686b41f44f,28f40919fc72,39,1685263836848,38710,85588133,460,1879701,86679605
f8686b41f44f,28f40919fc72,20,1685263846719,38710,85588133,460,1879701,86679605
f8686b41f44f,28f40919fc72,4,1685263860205,38710,85588133,460,1879701,86679605
f8686b41f44f,28f40919fc72,2,1685263860698,38710,85588133,460,1879701,86679605
f8686b41f44f,28f40919fc72,18,1685263860701,38710,85588133,460,1879701,86679605
f8686b41f44f,28f40919fc72,4,1685263909709,38710,85588133,460,1879701,86679605
f8686b41f44f,28f40919fc72,39,1685263910687,38710,85588133,460,1879701,86679605
f8686b41f44f,28f40919fc72,36,1685263928070,38710,85588133,460,1879701,86679605
f8686b41f44f,28f40919fc72,39,1685263928101,38710,85588133,460,1879701,86679605
f8686b41f44f,28f40919fc72,20,1685263937944,38710,85588133,460,1879701,86679605
f8686b41f44f,28f40919fc72,36,1685263943594,38710,85588133,460,1879701,86679605
f8686b41f44f,28f40919fc72,39,1685263943627,38710,85588133,460,1879701,86679605
f8686b41f44f,28f40919fc72,20,1685263956474,38710,85588133,460,1879701,86679605
f8686b41f44f,28f40919fc72,2,1685263957980,38710,85588133,460,1879701,86679605
f8686b41f44f,28f40919fc72,36,1685263958120,38710,85588133,460,1879701,86679605
f8686b41f44f,28f40919fc72,39,1685263958150,38710,85588133,460,1879701,86679605
f8686b41f44f,28f40919fc72,39,1685263967051,38710,85588120,460,1879701,86679605
f8686b41f44f,28f40919fc72,39,1685263979430,38710,85588185,460,1879701,86679605
f8686b41f44f,28f40919fc72,39,1685263983020,38710,85588120,460,1879701,86679605
f8686b41f44f,28f40919fc72,20,1685263992880,38710,85588120,460,1879701,86679605
f8686b41f44f,28f40919fc72,2,1685264045878,38710,85588126,460,1879701,86679605
f8686b41f44f,28f40919fc72,18,1685264045882,38710,85588126,460,1879701,86679605
f8686b41f44f,28f40919fc72,36,1685264045908,38710,85588126,460,1879701,86679605
f8686b41f44f,28f40919fc72,39,1685264045945,38710,85588126,460,1879701,86679605
f8686b41f44f,28f40919fc72,39,1685264054293,38710,85588120,460,1879701,86679605
f8686b41f44f,28f40919fc72,4,1685264078774,38710,85588126,460,1879701,86679605
f8686b41f44f,28f40919fc72,39,1685264079653,38710,85588126,460,1879701,86679605
f8686b41f44f,28f40919fc72,39,1685264094441,38710,85588120,460,1879701,86679605
f8686b41f44f,28f40919fc72,4,1685264217852,38710,85588126,460,1879701,86679605
f8686b41f44f,28f40919fc72,2,1685264219110,38710,85588126,460,1879701,86679605
f8686b41f44f,28f40919fc72,18,1685264219113,38710,85588126,460,1879701,86679605
f8686b41f44f,28f40919fc72,39,1685264225319,38710,85588185,460,1879701,86679605
f8686b41f44f,28f40919fc72,39,1685264228489,38710,85588120,460,1879701,86679605
f8686b41f44f,28f40919fc72,20,1685264238377,38710,85588120,460,1879701,86679605
f8686b41f44f,28f40919fc72,4,1685264250015,38710,85588126,460,1879701,86679605
f8686b41f44f,28f40919fc72,2,1685264251093,38710,85588126,460,1879701,86679605
f8686b41f44f,28f40919fc72,36,1685264251117,38710,85588126,460,1879701,86679605
f8686b41f44f,28f40919fc72,39,1685264251142,38710,85588126,460,1879701,86679605
f8686b41f44f,28f40919fc72,39,1685264279098,38710,85588133,460,1879701,86679605
f8686b41f44f,28f40919fc72,4,1685264308992,38710,85588133,460,1879701,86679605
f8686b41f44f,28f40919fc72,18,1685264310003,38710,85588133,460,1879701,86679605
f8686b41f44f,28f40919fc72,36,1685264310034,38710,85588133,460,1879701,86679605
f8686b41f44f,28f40919fc72,39,1685264310070,38710,85588133,460,1879701,86679605
f8686b41f44f,28f40919fc72,39,1685264321607,38710,85588120,460,1879701,86679605
f8686b41f44f,28f40919fc72,2,1685264345842,38710,85588120,460,1879701,86679605
f8686b41f44f,28f40919fc72,18,1685264345845,38710,85588120,460,1879701,86679605
f8686b41f44f,28f40919fc72,39,1685264345909,38710,85588120,460,1879701,86679605
f8686b41f44f,28f40919fc72,39,1685264352248,38710,85588126,460,1879701,86679605
f8686b41f44f,28f40919fc72,39,1685264356748,38710,85588133,460,1879701,86679605
f8686b41f44f,28f40919fc72,39,1685264359858,38710,85588185,460,1879701,86679605
f8686b41f44f,28f40919fc72,20,1685264371267,38710,85588133,460,1879701,86679605
f8686b41f44f,28f40919fc72,4,1685264380623,38710,85588133,460,1879701,86679605
f8686b41f44f,28f40919fc72,2,1685264381658,38710,85588133,460,1879701,86679605
f8686b41f44f,28f40919fc72,39,1685264381725,38710,85588133,460,1879701,86679605
f8686b41f44f,28f40919fc72,39,1685264567320,38710,85588120,460,1879701,86679605
f8686b41f44f,28f40919fc72,2,1685264578155,38710,85588120,460,1879701,86679605
f8686b41f44f,28f40919fc72,36,1685264578185,38710,85588120,460,1879701,86679605
f8686b41f44f,28f40919fc72,39,1685264578220,38710,85588120,460,1879701,86679605
f8686b41f44f,28f40919fc72,20,1685264588132,38710,85588120,460,1879701,86679605
f8686b41f44f,28f40919fc72,36,1685264645835,38710,85588120,460,1879701,86679605
f8686b41f44f,28f40919fc72,39,1685264645865,38710,85588120,460,1879701,86679605
f8686b41f44f,28f40919fc72,39,1685264653463,38710,85588126,460,1879701,86679605
f8686b41f44f,28f40919fc72,2,1685264890667,38710,85588133,460,1879701,86679605
f8686b41f44f,28f40919fc72,18,1685264890670,38710,85588133,460,1879701,86679605
f8686b41f44f,28f40919fc72,36,1685264890789,38710,85588133,460,1879701,86679605
f8686b41f44f,28f40919fc72,39,1685264890823,38710,85588133,460,1879701,86679605
f8686b41f44f,28f40919fc72,20,1685264900553,38710,85588133,460,1879701,86679605
f8686b41f44f,28f40919fc72,2,1685264906978,38710,85588133,460,1879701,86679605
f8686b41f44f,28f40919fc72,36,1685264907011,38710,85588133,460,1879701,86679605
f8686b41f44f,28f40919fc72,36,1685264945900,38710,85588133,460,1879701,86679605
f8686b41f44f,28f40919fc72,39,1685264945934,38710,85588133,460,1879701,86679605
f8686b41f44f,28f40919fc72,4,1685264982721,38710,85588133,460,1879701,86679605
f8686b41f44f,28f40919fc72,2,1685264983251,38710,85588133,460,1879701,86679605
f8686b41f44f,28f40919fc72,18,1685264983254,38710,85588133,460,1879701,86679605
f8686b41f44f,28f40919fc72,36,1685264983277,38710,85588133,460,1879701,86679605
f8686b41f44f,28f40919fc72,39,1685264983301,38710,85588133,460,1879701,86679605
f8686b41f44f,28f40919fc72,20,1685264993137,38710,85588133,460,1879701,86679605
f8686b41f44f,28f40919fc72,2,1685265079274,38710,85588133,460,1879701,86679605
f8686b41f44f,28f40919fc72,18,1685265079277,38710,85588133,460,1879701,86679605
f8686b41f44f,28f40919fc72,39,1685265079339,38710,85588133,460,1879701,86679605
f8686b41f44f,28f40919fc72,21,1685265128545,38710,85588133,460,1879701,86679605
f8686b41f44f,28f40919fc72,11,1685265128545,38710,85588133,460,1879701,86679605
f8686b41f44f,28f40919fc72,20,1685265166173,38710,85588133,460,1879701,86679605
f8686b41f44f,28f40919fc72,2,1685265192279,38710,85588133,460,1879701,86679605
f8686b41f44f,28f40919fc72,20,1685265202215,38710,85588133,460,1879701,86679605
f8686b41f44f,28f40919fc72,2,1685265202602,38710,85588133,460,1879701,86679605
f8686b41f44f,28f40919fc72,20,1685265215538,38710,85588133,460,1879701,86679605
f8686b41f44f,28f40919fc72,4,1685265219005,38710,85588133,460,1879701,86679605
f8686b41f44f,28f40919fc72,18,1685265219657,38710,85588133,460,1879701,86679605
f8686b41f44f,28f40919fc72,36,1685265219677,38710,85588133,460,1879701,86679605
f8686b41f44f,28f40919fc72,39,1685265219703,38710,85588133,460,1879701,86679605
f8686b41f44f,28f40919fc72,34,1685265240980,38710,85588133,460,1879701,86679605
f8686b41f44f,28f40919fc72,21,1685265267368,38710,85588133,460,1879701,86679605
f8686b41f44f,28f40919fc72,4,1685265291074,38710,85588133,460,1879701,86679605
f8686b41f44f,28f40919fc72,2,1685265291739,38710,85588133,460,1879701,86679605
f8686b41f44f,28f40919fc72,18,1685265291743,38710,85588133,460,1879701,86679605
f8686b41f44f,28f40919fc72,36,1685265291774,38710,85588133,460,1879701,86679605
f8686b41f44f,28f40919fc72,20,1685265319639,38710,85588133,460,1879701,86679605
f8686b41f44f,28f40919fc72,2,1685265374941,38710,85588133,460,1879701,86679605
f8686b41f44f,28f40919fc72,18,1685265374943,38710,85588133,460,1879701,86679605
f8686b41f44f,28f40919fc72,36,1685265374967,38710,85588133,460,1879701,86679605
f8686b41f44f,28f40919fc72,39,1685265374991,38710,85588133,460,1879701,86679605
f8686b41f44f,28f40919fc72,20,1685265387898,38710,85588133,460,1879701,86679605
f8686b41f44f,28f40919fc72,18,1685265388693,38710,85588133,460,1879701,86679605
f8686b41f44f,28f40919fc72,39,1685265388754,38710,85588133,460,1879701,86679605
f8686b41f44f,28f40919fc72,39,1685265391283,38710,85588126,460,1879701,86679605
f8686b41f44f,28f40919fc72,20,1685265401188,38710,85588126,460,1879701,86679605
f8686b41f44f,28f40919fc72,18,1685265450933,38710,85588133,460,1879701,86679605
f8686b41f44f,28f40919fc72,36,1685265450954,38710,85588133,460,1879701,86679605
f8686b41f44f,28f40919fc72,20,1685265460848,38710,85588133,460,1879701,86679605
f8686b41f44f,28f40919fc72,4,1685265532035,38710,85588133,460,1879701,86679605
f8686b41f44f,28f40919fc72,2,1685265532379,38710,85588133,460,1879701,86679605
f8686b41f44f,28f40919fc72,39,1685265532450,38710,85588133,460,1879701,86679605
f8686b41f44f,28f40919fc72,2,1685265570889,38710,85588133,460,1879701,86679605
f8686b41f44f,28f40919fc72,18,1685265570891,38710,85588133,460,1879701,86679605
f8686b41f44f,28f40919fc72,39,1685265571074,38710,85588133,460,1879701,86679605
f8686b41f44f,28f40919fc72,20,1685265591862,38710,85588133,460,1879701,86679605
f8686b41f44f,28f40919fc72,18,1685265661955,38710,85588133,460,1879701,86679605
f8686b41f44f,28f40919fc72,36,1685265661983,38710,85588133,460,1879701,86679605
f8686b41f44f,28f40919fc72,39,1685265662009,38710,85588133,460,1879701,86679605
f8686b41f44f,28f40919fc72,4,1685265709127,38710,85588133,460,1879701,86679605
f8686b41f44f,28f40919fc72,2,1685265710299,38710,85588133,460,1879701,86679605
f8686b41f44f,28f40919fc72,18,1685265710304,38710,85588133,460,1879701,86679605
f8686b41f44f,28f40919fc72,36,1685265710424,38710,85588133,460,1879701,86679605
f8686b41f44f,28f40919fc72,2,1685265829354,38710,85588133,460,1879701,86679605
f8686b41f44f,28f40919fc72,18,1685265829359,38710,85588133,460,1879701,86679605
f8686b41f44f,28f40919fc72,36,1685265829387,38710,85588133,460,1879701,86679605
f8686b41f44f,28f40919fc72,20,1685265839287,38710,85588133,460,1879701,86679605
f8686b41f44f,28f40919fc72,2,1685265839806,38710,85588133,460,1879701,86679605
f8686b41f44f,28f40919fc72,36,1685265839834,38710,85588133,460,1879701,86679605
f8686b41f44f,28f40919fc72,2,1685265869854,38710,85588133,460,1879701,86679605
f8686b41f44f,28f40919fc72,18,1685265869856,38710,85588133,460,1879701,86679605
f8686b41f44f,28f40919fc72,36,1685265869877,38710,85588133,460,1879701,86679605
f8686b41f44f,28f40919fc72,39,1685265869904,38710,85588133,460,1879701,86679605
f8686b41f44f,28f40919fc72,2,1685265884071,38710,85588133,460,1879701,86679605
f8686b41f44f,28f40919fc72,18,1685265884075,38710,85588133,460,1879701,86679605
f8686b41f44f,28f40919fc72,36,1685265884102,38710,85588133,460,1879701,86679605
f8686b41f44f,28f40919fc72,39,1685265884133,38710,85588133,460,1879701,86679605
f8686b41f44f,28f40919fc72,20,1685265894043,38710,85588133,460,1879701,86679605
f8686b41f44f,28f40919fc72,2,1685265930459,38710,85588133,460,1879701,86679605
f8686b41f44f,28f40919fc72,18,1685265930462,38710,85588133,460,1879701,86679605
f8686b41f44f,28f40919fc72,36,1685265930487,38710,85588133,460,1879701,86679605
f8686b41f44f,28f40919fc72,20,1685265940382,38710,85588133,460,1879701,86679605
f8686b41f44f,28f40919fc72,4,1685266094823,38710,85588133,460,1879701,86679605
f8686b41f44f,28f40919fc72,36,1685266095604,38710,85588133,460,1879701,86679605
f8686b41f44f,28f40919fc72,39,1685266095637,38710,85588133,460,1879701,86679605
f8686b41f44f,28f40919fc72,20,1685266105502,38710,85588133,460,1879701,86679605
f8686b41f44f,28f40919fc72,2,1685266119899,38710,85588133,460,1879701,86679605
f8686b41f44f,28f40919fc72,18,1685266119901,38710,85588133,460,1879701,86679605
f8686b41f44f,28f40919fc72,36,1685266119934,38710,85588133,460,1879701,86679605
f8686b41f44f,28f40919fc72,20,1685266129798,38710,85588133,460,1879701,86679605
f8686b41f44f,28f40919fc72,20,1685266158024,38710,85588133,460,1879701,86679605
f8686b41f44f,28f40919fc72,2,1685266169888,38710,85588133,460,1879701,86679605
f8686b41f44f,28f40919fc72,39,1685266170080,38710,85588133,460,1879701,86679605
f8686b41f44f,28f40919fc72,39,1685266172212,38710,85588126,460,1879701,86679605
f8686b41f44f,28f40919fc72,20,1685266182084,38710,85588126,460,1879701,86679605
f8686b41f44f,28f40919fc72,18,1685266220901,38710,85588126,460,1879701,86679605
f8686b41f44f,28f40919fc72,36,1685266220928,38710,85588126,460,1879701,86679605
f8686b41f44f,28f40919fc72,39,1685266220966,38710,85588126,460,1879701,86679605
f8686b41f44f,28f40919fc72,39,1685266230868,38710,85588185,460,1879701,86679605
f8686b41f44f,28f40919fc72,20,1685266243779,38710,85588185,460,1879701,86679605
f8686b41f44f,28f40919fc72,2,1685266251737,38710,85588185,460,1879701,86679605
f8686b41f44f,28f40919fc72,36,1685266251945,38710,85588185,460,1879701,86679605
f8686b41f44f,28f40919fc72,39,1685266257027,38710,85588120,460,1879701,86679605
f8686b41f44f,28f40919fc72,20,1685266266926,38710,85588120,460,1879701,86679605
f8686b41f44f,28f40919fc72,18,1685266283736,38710,85588126,460,1879701,86679605
f8686b41f44f,28f40919fc72,20,1685266302707,38710,85588126,460,1879701,86679605
f8686b41f44f,28f40919fc72,18,1685266314457,38710,85588126,460,1879701,86679605
f8686b41f44f,28f40919fc72,36,1685266314577,38710,85588126,460,1879701,86679605
f8686b41f44f,28f40919fc72,39,1685266314607,38710,85588126,460,1879701,86679605
f8686b41f44f,28f40919fc72,20,1685266324370,38710,85588126,460,1879701,86679605
f8686b41f44f,28f40919fc72,18,1685266342621,38710,85588126,460,1879701,86679605
f8686b41f44f,28f40919fc72,36,1685266342648,38710,85588126,460,1879701,86679605
f8686b41f44f,28f40919fc72,39,1685266342683,38710,85588126,460,1879701,86679605
f8686b41f44f,28f40919fc72,36,1685266438652,38710,85588126,460,1879701,86679605
f8686b41f44f,28f40919fc72,39,1685266445127,38710,85588120,460,1879701,86679605
f8686b41f44f,28f40919fc72,2,1685266469012,38710,85588120,460,1879701,86679605
f8686b41f44f,28f40919fc72,20,1685266478989,38710,85588120,460,1879701,86679605
f8686b41f44f,28f40919fc72,4,1685266643163,38710,85588185,460,1879701,86679605
f8686b41f44f,28f40919fc72,2,1685266643417,38710,85588185,460,1879701,86679605
f8686b41f44f,28f40919fc72,18,1685266643420,38710,85588185,460,1879701,86679605
f8686b41f44f,28f40919fc72,36,1685266643447,38710,85588185,460,1879701,86679605
f8686b41f44f,28f40919fc72,39,1685266643473,38710,85588185,460,1879701,86679605
f8686b41f44f,28f40919fc72,20,1685266663018,38710,85588126,460,1879701,86679605
f8686b41f44f,28f40919fc72,18,1685266769824,38710,85588126,460,1879701,86679605
f8686b41f44f,28f40919fc72,36,1685266769852,38710,85588126,460,1879701,86679605
f8686b41f44f,28f40919fc72,20,1685266783753,38710,85588126,460,1879701,86679605
f8686b41f44f,28f40919fc72,4,1685266877848,38710,85588185,460,1879701,86679605
f8686b41f44f,28f40919fc72,2,1685266878945,38710,85588185,460,1879701,86679605
f8686b41f44f,28f40919fc72,20,1685266890852,38710,85588185,460,1879701,86679605
f8686b41f44f,28f40919fc72,2,1685266891545,38710,85588185,460,1879701,86679605
f8686b41f44f,28f40919fc72,18,1685266891547,38710,85588185,460,1879701,86679605
f8686b41f44f,28f40919fc72,39,1685266891615,38710,85588185,460,1879701,86679605
f8686b41f44f,28f40919fc72,18,1685266901906,38710,85588185,460,1879701,86679605
f8686b41f44f,28f40919fc72,36,1685266901934,38710,85588185,460,1879701,86679605
f8686b41f44f,28f40919fc72,39,1685266901969,38710,85588185,460,1879701,86679605
f8686b41f44f,28f40919fc72,20,1685266911883,38710,85588185,460,1879701,86679605
f8686b41f44f,28f40919fc72,4,1685266939999,38710,85588185,460,1879701,86679605
f8686b41f44f,28f40919fc72,2,1685266940383,38710,85588185,460,1879701,86679605
f8686b41f44f,28f40919fc72,18,1685266940387,38710,85588185,460,1879701,86679605
f8686b41f44f,28f40919fc72,36,1685266940410,38710,85588185,460,1879701,86679605
f8686b41f44f,28f40919fc72,39,1685266940443,38710,85588185,460,1879701,86679605
f8686b41f44f,28f40919fc72,20,1685266952307,38710,85588185,460,1879701,86679605
f8686b41f44f,28f40919fc72,2,1685266952712,38710,85588185,460,1879701,86679605
f8686b41f44f,28f40919fc72,18,1685266952716,38710,85588185,460,1879701,86679605
f8686b41f44f,28f40919fc72,39,1685266952779,38710,85588185,460,1879701,86679605
f8686b41f44f,28f40919fc72,20,1685266983693,38710,85588185,460,1879701,86679605
f8686b41f44f,28f40919fc72,4,1685266998106,38710,85588185,460,1879701,86679605
f8686b41f44f,28f40919fc72,2,1685266999269,38710,85588185,460,1879701,86679605
f8686b41f44f,28f40919fc72,36,1685266999299,38710,85588185,460,1879701,86679605
f8686b41f44f,28f40919fc72,39,1685266999334,38710,85588185,460,1879701,86679605
f8686b41f44f,28f40919fc72,20,1685267009152,38710,85588185,460,1879701,86679605
f8686b41f44f,28f40919fc72,2,1685267032544,38710,85588185,460,1879701,86679605
f8686b41f44f,28f40919fc72,18,1685267032546,38710,85588185,460,1879701,86679605
f8686b41f44f,28f40919fc72,39,1685267032605,38710,85588185,460,1879701,86679605
f8686b41f44f,28f40919fc72,20,1685267050442,38710,85588185,460,1879701,86679605
f8686b41f44f,28f40919fc72,2,1685267070829,38710,85588185,460,1879701,86679605
f8686b41f44f,28f40919fc72,36,1685267070860,38710,85588185,460,1879701,86679605
f8686b41f44f,28f40919fc72,20,1685267080749,38710,85588185,460,1879701,86679605
f8686b41f44f,28f40919fc72,4,1685267113445,38710,85588126,460,1879701,86679605
f8686b41f44f,28f40919fc72,2,1685267114461,38710,85588126,460,1879701,86679605
f8686b41f44f,28f40919fc72,36,1685267114493,38710,85588126,460,1879701,86679605
f8686b41f44f,28f40919fc72,39,1685267119994,38710,85588133,460,1879701,86679605
f8686b41f44f,28f40919fc72,20,1685267141989,38710,85588185,460,1879701,86679605
f8686b41f44f,28f40919fc72,4,1685267270004,38710,85588185,460,1879701,86679605
f8686b41f44f,28f40919fc72,2,1685267270634,38710,85588185,460,1879701,86679605
f8686b41f44f,28f40919fc72,36,1685267270670,38710,85588185,460,1879701,86679605
f8686b41f44f,28f40919fc72,18,1685267369850,38710,85588185,460,1879701,86679605
f8686b41f44f,28f40919fc72,36,1685267369878,38710,85588185,460,1879701,86679605
f8686b41f44f,28f40919fc72,2,1685267402464,38710,85588185,460,1879701,86679605
f8686b41f44f,28f40919fc72,18,1685267402467,38710,85588185,460,1879701,86679605
f8686b41f44f,28f40919fc72,39,1685267402529,38710,85588185,460,1879701,86679605
f8686b41f44f,28f40919fc72,20,1685267415399,38710,85588185,460,1879701,86679605
f8686b41f44f,28f40919fc72,18,1685267430627,38710,85588185,460,1879701,86679605
f8686b41f44f,28f40919fc72,36,1685267430659,38710,85588185,460,1879701,86679605
f8686b41f44f,28f40919fc72,39,1685267433878,38710,85588120,460,1879701,86679605
f8686b41f44f,28f40919fc72,20,1685267443762,38710,85588120,460,1879701,86679605
f8686b41f44f,28f40919fc72,2,1685267554790,38710,85588185,460,1879701,86679605
f8686b41f44f,28f40919fc72,18,1685267554793,38710,85588185,460,1879701,86679605
f8686b41f44f,28f40919fc72,39,1685267555034,38710,85588185,460,1879701,86679605
f8686b41f44f,28f40919fc72,39,1685267563625,38710,85588133,460,1879701,86679605
f8686b41f44f,28f40919fc72,4,1685267670148,38710,85588126,460,1879701,86679605
f8686b41f44f,28f40919fc72,39,1685267670875,38710,85588126,460,1879701,86679605
f8686b41f44f,28f40919fc72,2,1685267704564,38710,85588185,460,1879701,86679605
f8686b41f44f,28f40919fc72,18,1685267704568,38710,85588185,460,1879701,86679605
f8686b41f44f,28f40919fc72,36,1685267704775,38710,85588185,460,1879701,86679605
f8686b41f44f,28f40919fc72,39,1685267704810,38710,85588185,460,1879701,86679605
f8686b41f44f,28f40919fc72,20,1685267714515,38710,85588185,460,1879701,86679605
f8686b41f44f,28f40919fc72,2,1685267715660,38710,85588185,460,1879701,86679605
f8686b41f44f,28f40919fc72,18,1685267715664,38710,85588185,460,1879701,86679605
f8686b41f44f,28f40919fc72,39,1685267715725,38710,85588185,460,1879701,86679605
f8686b41f44f,28f40919fc72,39,1685267720875,38710,85588133,460,1879701,86679605
f8686b41f44f,28f40919fc72,20,1685267730727,38710,85588133,460,1879701,86679605
f8686b41f44f,28f40919fc72,2,1685267731181,38710,85588133,460,1879701,86679605
f8686b41f44f,28f40919fc72,18,1685267731184,38710,85588133,460,1879701,86679605
f8686b41f44f,28f40919fc72,36,1685267731211,38710,85588133,460,1879701,86679605
f8686b41f44f,28f40919fc72,39,1685267731250,38710,85588133,460,1879701,86679605
f8686b41f44f,28f40919fc72,39,1685267735176,38710,85588185,460,1879701,86679605
f8686b41f44f,28f40919fc72,20,1685267745122,38710,85588185,460,1879701,86679605
f8686b41f44f,28f40919fc72,18,1685267928547,38710,85588185,460,1879701,86679605
f8686b41f44f,28f40919fc72,36,1685267928568,38710,85588185,460,1879701,86679605
f8686b41f44f,28f40919fc72,2,1685267969775,38710,85588185,460,1879701,86679605
f8686b41f44f,28f40919fc72,18,1685267969778,38710,85588185,460,1879701,86679605
f8686b41f44f,28f40919fc72,36,1685267969987,38710,85588185,460,1879701,86679605
f8686b41f44f,28f40919fc72,39,1685267970017,38710,85588185,460,1879701,86679605
f8686b41f44f,28f40919fc72,2,1685268060385,38710,85588185,460,1879701,86679605
f8686b41f44f,28f40919fc72,36,1685268060417,38710,85588185,460,1879701,86679605
f8686b41f44f,28f40919fc72,39,1685268060450,38710,85588185,460,1879701,86679605
f8686b41f44f,28f40919fc72,2,1685268072737,38710,85588185,460,1879701,86679605
f8686b41f44f,28f40919fc72,36,1685268072767,38710,85588185,460,1879701,86679605
f8686b41f44f,28f40919fc72,36,1685268083110,38710,85588185,460,1879701,86679605
f8686b41f44f,28f40919fc72,20,1685268093009,38710,85588185,460,1879701,86679605
f8686b41f44f,28f40919fc72,4,1685268198918,38710,85588133,460,1879701,86679605
f8686b41f44f,28f40919fc72,2,1685268199897,38710,85588133,460,1879701,86679605
f8686b41f44f,28f40919fc72,39,1685268199958,38710,85588133,460,1879701,86679605
f8686b41f44f,28f40919fc72,20,1685268211869,38710,85588133,460,1879701,86679605
f8686b41f44f,28f40919fc72,18,1685268226774,38710,85588133,460,1879701,86679605
f8686b41f44f,28f40919fc72,36,1685268226802,38710,85588133,460,1879701,86679605
f8686b41f44f,28f40919fc72,39,1685268226832,38710,85588133,460,1879701,86679605
f8686b41f44f,28f40919fc72,20,1685268238743,38710,85588133,460,1879701,86679605
f8686b41f44f,28f40919fc72,18,1685268269031,38710,85588133,460,1879701,86679605
f8686b41f44f,28f40919fc72,20,1685268282993,38710,85588133,460,1879701,86679605
f8686b41f44f,28f40919fc72,18,1685268333032,38710,85588133,460,1879701,86679605
f8686b41f44f,28f40919fc72,36,1685268333193,38710,85588133,460,1879701,86679605
f8686b41f44f,28f40919fc72,39,1685268339543,38710,85588126,460,1879701,86679605
f8686b41f44f,28f40919fc72,39,1685268344567,38710,85588185,460,1879701,86679605
f8686b41f44f,28f40919fc72,39,1685268352887,38710,85588120,460,1879701,86679605
f8686b41f44f,28f40919fc72,20,1685268362832,38710,85588120,460,1879701,86679605
f8686b41f44f,28f40919fc72,4,1685268452217,38710,85588126,460,1879701,86679605
f8686b41f44f,28f40919fc72,36,1685268453373,38710,85588126,460,1879701,86679605
f8686b41f44f,28f40919fc72,39,1685268453407,38710,85588126,460,1879701,86679605
f8686b41f44f,28f40919fc72,2,1685268570813,38710,85588185,460,1879701,86679605
f8686b41f44f,28f40919fc72,18,1685268570819,38710,85588185,460,1879701,86679605
f8686b41f44f,28f40919fc72,36,1685268570843,38710,85588185,460,1879701,86679605
f8686b41f44f,28f40919fc72,39,1685268570879,38710,85588185,460,1879701,86679605
f8686b41f44f,28f40919fc72,20,1685268583784,38710,85588185,460,1879701,86679605
f8686b41f44f,28f40919fc72,2,1685268584304,38710,85588185,460,1879701,86679605
f8686b41f44f,28f40919fc72,20,1685268594258,38710,85588185,460,1879701,86679605
f8686b41f44f,28f40919fc72,2,1685268596953,38710,85588185,460,1879701,86679605
f8686b41f44f,28f40919fc72,18,1685268596958,38710,85588185,460,1879701,86679605
f8686b41f44f,28f40919fc72,36,1685268596992,38710,85588185,460,1879701,86679605
f8686b41f44f,28f40919fc72,39,1685268597024,38710,85588185,460,1879701,86679605
f8686b41f44f,28f40919fc72,36,1685268610594,38710,85588185,460,1879701,86679605
f8686b41f44f,28f40919fc72,39,1685268610630,38710,85588185,460,1879701,86679605
f8686b41f44f,28f40919fc72,20,1685268620449,38710,85588185,460,1879701,86679605
f8686b41f44f,28f40919fc72,36,1685268622182,38710,85588185,460,1879701,86679605
f8686b41f44f,28f40919fc72,39,1685268622213,38710,85588185,460,1879701,86679605
f8686b41f44f,28f40919fc72,20,1685268636071,38710,85588185,460,1879701,86679605
f8686b41f44f,28f40919fc72,36,1685268646647,38710,85588185,460,1879701,86679605
f8686b41f44f,28f40919fc72,20,1685268661558,38710,85588185,460,1879701,86679605
f8686b41f44f,28f40919fc72,2,1685268662735,38710,85588185,460,1879701,86679605
f8686b41f44f,28f40919fc72,18,1685268662738,38710,85588185,460,1879701,86679605
f8686b41f44f,28f40919fc72,36,1685268662770,38710,85588185,460,1879701,86679605
f8686b41f44f,28f40919fc72,39,1685268662804,38710,85588185,460,1879701,86679605
f8686b41f44f,28f40919fc72,20,1685268672661,38710,85588185,460,1879701,86679605
f8686b41f44f,28f40919fc72,4,1685268679681,38710,85588185,460,1879701,86679605
f8686b41f44f,28f40919fc72,2,1685268679897,38710,85588185,460,1879701,86679605
f8686b41f44f,28f40919fc72,18,1685268679901,38710,85588185,460,1879701,86679605
f8686b41f44f,28f40919fc72,36,1685268679930,38710,85588185,460,1879701,86679605
f8686b41f44f,28f40919fc72,39,1685268679957,38710,85588185,460,1879701,86679605
f8686b41f44f,28f40919fc72,4,1685268710988,38710,85588185,460,1879701,86679605
f8686b41f44f,28f40919fc72,2,1685268711914,38710,85588185,460,1879701,86679605
f8686b41f44f,28f40919fc72,36,1685268711950,38710,85588185,460,1879701,86679605
f8686b41f44f,28f40919fc72,39,1685268734819,38710,85588185,460,1879701,86679605
f8686b41f44f,28f40919fc72,20,1685268762165,38710,85588185,460,1879701,86679605
f8686b41f44f,28f40919fc72,4,1685268762217,38710,85588185,460,1879701,86679605
f8686b41f44f,28f40919fc72,18,1685268763088,38710,85588185,460,1879701,86679605
f8686b41f44f,28f40919fc72,39,1685268763151,38710,85588185,460,1879701,86679605
f8686b41f44f,28f40919fc72,20,1685268775967,38710,85588185,460,1879701,86679605
f8686b41f44f,28f40919fc72,2,1685268798948,38710,85588185,460,1879701,86679605
f8686b41f44f,28f40919fc72,18,1685268798951,38710,85588185,460,1879701,86679605
f8686b41f44f,28f40919fc72,36,1685268799160,38710,85588185,460,1879701,86679605
f8686b41f44f,28f40919fc72,20,1685268808874,38710,85588185,460,1879701,86679605
f8686b41f44f,28f40919fc72,2,1685268829675,38710,85588185,460,1879701,86679605
f8686b41f44f,28f40919fc72,18,1685268829678,38710,85588185,460,1879701,86679605
f8686b41f44f,28f40919fc72,36,1685268829710,38710,85588185,460,1879701,86679605
f8686b41f44f,28f40919fc72,20,1685268839627,38710,85588185,460,1879701,86679605
f8686b41f44f,28f40919fc72,18,1685268870829,38710,85588133,460,1879701,86679605
f8686b41f44f,28f40919fc72,2,1685268883559,38710,85588133,460,1879701,86679605
f8686b41f44f,28f40919fc72,36,1685268883594,38710,85588133,460,1879701,86679605
f8686b41f44f,28f40919fc72,39,1685268883629,38710,85588133,460,1879701,86679605
f8686b41f44f,28f40919fc72,39,1685268899415,38710,85588185,460,1879701,86679605
f8686b41f44f,28f40919fc72,36,1685268919307,38710,85588185,460,1879701,86679605
f8686b41f44f,28f40919fc72,39,1685268919338,38710,85588185,460,1879701,86679605
f8686b41f44f,28f40919fc72,14,1685268925343,38710,85588126,460,1879701,86679605
f8686b41f44f,28f40919fc72,39,1685268925357,38710,85588126,460,1879701,86679605
f8686b41f44f,28f40919fc72,2,1685268936427,38710,85588126,460,1879701,86679605
f8686b41f44f,28f40919fc72,20,1685268948378,38710,85588126,460,1879701,86679605
f8686b41f44f,28f40919fc72,36,1685268949204,38710,85588126,460,1879701,86679605
f8686b41f44f,28f40919fc72,20,1685268964308,38710,85588133,460,1879701,86679605
f8686b41f44f,28f40919fc72,2,1685268979419,38710,85588133,460,1879701,86679605
f8686b41f44f,28f40919fc72,36,1685268979454,38710,85588133,460,1879701,86679605
f8686b41f44f,28f40919fc72,39,1685268979488,38710,85588133,460,1879701,86679605
f8686b41f44f,28f40919fc72,2,1685269076698,38710,85588126,460,1879701,86679605
f8686b41f44f,28f40919fc72,36,1685269076734,38710,85588126,460,1879701,86679605
f8686b41f44f,28f40919fc72,20,1685269086669,38710,85588126,460,1879701,86679605
f8686b41f44f,28f40919fc72,4,1685269100185,38710,85588126,460,1879701,86679605
f8686b41f44f,28f40919fc72,36,1685269101064,38710,85588126,460,1879701,86679605
f8686b41f44f,28f40919fc72,39,1685269101100,38710,85588126,460,1879701,86679605
f8686b41f44f,28f40919fc72,20,1685269110927,38710,85588126,460,1879701,86679605
f8686b41f44f,28f40919fc72,4,1685269129965,38710,85588126,460,1879701,86679605
f8686b41f44f,28f40919fc72,2,1685269130452,38710,85588126,460,1879701,86679605
f8686b41f44f,28f40919fc72,36,1685269130484,38710,85588126,460,1879701,86679605
f8686b41f44f,28f40919fc72,20,1685269140429,38710,85588126,460,1879701,86679605
f8686b41f44f,28f40919fc72,18,1685269169950,38710,85588126,460,1879701,86679605
f8686b41f44f,28f40919fc72,36,1685269169979,38710,85588126,460,1879701,86679605
f8686b41f44f,28f40919fc72,4,1685269230520,38710,85588120,460,1879701,86679605
f8686b41f44f,28f40919fc72,2,1685269231572,38710,85588120,460,1879701,86679605
f8686b41f44f,28f40919fc72,36,1685269231597,38710,85588120,460,1879701,86679605
f8686b41f44f,28f40919fc72,39,1685269231629,38710,85588120,460,1879701,86679605
f8686b41f44f,28f40919fc72,18,1685269403102,38710,85588185,460,1879701,86679605
f8686b41f44f,28f40919fc72,36,1685269403137,38710,85588185,460,1879701,86679605
f8686b41f44f,28f40919fc72,39,1685269403172,38710,85588185,460,1879701,86679605
f8686b41f44f,28f40919fc72,20,1685269413056,38710,85588185,460,1879701,86679605
f8686b41f44f,28f40919fc72,36,1685269469825,38710,85588185,460,1879701,86679605
f8686b41f44f,28f40919fc72,39,1685269469852,38710,85588185,460,1879701,86679605
f8686b41f44f,28f40919fc72,2,1685269753858,38710,85588133,460,1879701,86679605
f8686b41f44f,28f40919fc72,18,1685269753861,38710,85588133,460,1879701,86679605
f8686b41f44f,28f40919fc72,36,1685269753969,38710,85588133,460,1879701,86679605
f8686b41f44f,28f40919fc72,39,1685269753998,38710,85588133,460,1879701,86679605
f8686b41f44f,28f40919fc72,20,1685269763782,38710,85588133,460,1879701,86679605
f8686b41f44f,28f40919fc72,18,1685269769796,38710,85588133,460,1879701,86679605
f8686b41f44f,28f40919fc72,36,1685269769821,38710,85588133,460,1879701,86679605
f8686b41f44f,28f40919fc72,39,1685269769854,38710,85588133,460,1879701,86679605
f8686b41f44f,28f40919fc72,20,1685269783684,38710,85588133,460,1879701,86679605
f8686b41f44f,28f40919fc72,18,1685269819236,38710,85588185,460,1879701,86679605
f8686b41f44f,28f40919fc72,36,1685269902628,38710,85588185,460,1879701,86679605
f8686b41f44f,28f40919fc72,39,1685269902660,38710,85588185,460,1879701,86679605
f8686b41f44f,28f40919fc72,39,1685269951385,38710,85588120,460,1879701,86679605
f8686b41f44f,28f40919fc72,20,1685269974296,38710,85588120,460,1879701,86679605
f8686b41f44f,28f40919fc72,2,1685269984219,38710,85588126,460,1879701,86679605
f8686b41f44f,28f40919fc72,18,1685269984222,38710,85588126,460,1879701,86679605
f8686b41f44f,28f40919fc72,39,1685269984288,38710,85588126,460,1879701,86679605
f8686b41f44f,28f40919fc72,2,1685270004556,38710,85588126,460,1879701,86679605
f8686b41f44f,28f40919fc72,18,1685270004560,38710,85588126,460,1879701,86679605
f8686b41f44f,28f40919fc72,36,1685270004583,38710,85588126,460,1879701,86679605
f8686b41f44f,28f40919fc72,39,1685270004617,38710,85588126,460,1879701,86679605
f8686b41f44f,28f40919fc72,20,1685270022454,38710,85588126,460,1879701,86679605
f8686b41f44f,28f40919fc72,4,1685270023719,38710,85588126,460,1879701,86679605
f8686b41f44f,28f40919fc72,2,1685270023879,38710,85588126,460,1879701,86679605
f8686b41f44f,28f40919fc72,18,1685270023883,38710,85588126,460,1879701,86679605
f8686b41f44f,28f40919fc72,2,1685270052921,38710,85588126,460,1879701,86679605
f8686b41f44f,28f40919fc72,36,1685270052951,38710,85588126,460,1879701,86679605
f8686b41f44f,28f40919fc72,20,1685270070874,38710,85588126,460,1879701,86679605
f8686b41f44f,28f40919fc72,36,1685270074833,38710,85588126,460,1879701,86679605
f8686b41f44f,28f40919fc72,39,1685270074868,38710,85588126,460,1879701,86679605
f8686b41f44f,28f40919fc72,20,1685270118746,38710,85588126,460,1879701,86679605
f8686b41f44f,28f40919fc72,4,1685270122942,38710,85588126,460,1879701,86679605
f8686b41f44f,28f40919fc72,2,1685270123731,38710,85588126,460,1879701,86679605
f8686b41f44f,28f40919fc72,18,1685270123734,38710,85588126,460,1879701,86679605
f8686b41f44f,28f40919fc72,36,1685270123761,38710,85588126,460,1879701,86679605
f8686b41f44f,28f40919fc72,39,1685270123786,38710,85588126,460,1879701,86679605
f8686b41f44f,28f40919fc72,20,1685270136642,38710,85588126,460,1879701,86679605
f8686b41f44f,28f40919fc72,18,1685270141654,38710,85588126,460,1879701,86679605
f8686b41f44f,28f40919fc72,36,1685270141681,38710,85588126,460,1879701,86679605
f8686b41f44f,28f40919fc72,39,1685270141711,38710,85588126,460,1879701,86679605
f8686b41f44f,28f40919fc72,39,1685270168598,38710,85588126,460,1879701,86679605
f8686b41f44f,28f40919fc72,2,1685270268378,38710,85588126,460,1879701,86679605
f8686b41f44f,28f40919fc72,18,1685270268381,38710,85588126,460,1879701,86679605
f8686b41f44f,28f40919fc72,39,1685270268447,38710,85588126,460,1879701,86679605
f8686b41f44f,28f40919fc72,14,1685270279840,38710,251574370,460,1879701,86679605
f8686b41f44f,28f40919fc72,39,1685270279847,38710,251574370,460,1879701,86679605
f8686b41f44f,28f40919fc72,14,1685270280247,38710,250714715,460,1879701,86679605
f8686b41f44f,28f40919fc72,39,1685270280260,38710,250714715,460,1879701,86679605
f8686b41f44f,28f40919fc72,20,1685270290206,38710,250714715,460,1879701,86679605
f8686b41f44f,28f40919fc72,36,1685270303858,38710,250714715,460,1879701,86679605
f8686b41f44f,28f40919fc72,2,1685270334944,38710,250714715,460,1879701,86679605
f8686b41f44f,28f40919fc72,18,1685270334949,38710,250714715,460,1879701,86679605
f8686b41f44f,28f40919fc72,39,1685270335016,38710,250714715,460,1879701,86679605
f8686b41f44f,28f40919fc72,20,1685270344931,38710,250714715,460,1879701,86679605
f8686b41f44f,28f40919fc72,2,1685270346263,38710,250714715,460,1879701,86679605
f8686b41f44f,28f40919fc72,18,1685270346266,38710,250714715,460,1879701,86679605
f8686b41f44f,28f40919fc72,36,1685270346293,38710,250714715,460,1879701,86679605
f8686b41f44f,28f40919fc72,39,1685270346337,38710,250714715,460,1879701,86679605
f8686b41f44f,28f40919fc72,20,1685270365248,38710,250714715,460,1879701,86679605
f8686b41f44f,28f40919fc72,4,1685270366192,38710,250714715,460,1879701,86679605
f8686b41f44f,28f40919fc72,2,1685270366963,38710,250714715,460,1879701,86679605
f8686b41f44f,28f40919fc72,18,1685270366967,38710,250714715,460,1879701,86679605
f8686b41f44f,28f40919fc72,36,1685270366996,38710,250714715,460,1879701,86679605
f8686b41f44f,28f40919fc72,39,1685270367042,38710,250714715,460,1879701,86679605
f8686b41f44f,28f40919fc72,2,1685270392082,38710,85588126,460,1879701,86679605
f8686b41f44f,28f40919fc72,39,1685270392136,38710,85588126,460,1879701,86679605
f8686b41f44f,28f40919fc72,20,1685270404967,38710,85588126,460,1879701,86679605
f8686b41f44f,28f40919fc72,36,1685270405788,38710,85588126,460,1879701,86679605
f8686b41f44f,28f40919fc72,2,1685270514821,38710,84944798,460,1879701,86679605
f8686b41f44f,28f40919fc72,18,1685270514823,38710,84944798,460,1879701,86679605
f8686b41f44f,28f40919fc72,39,1685270514883,38710,84944798,460,1879701,86679605
f8686b41f44f,28f40919fc72,20,1685270545325,38710,85588129,460,1879701,86679605
f8686b41f44f,28f40919fc72,2,1685270709792,38710,85588123,460,1879701,86679605
f8686b41f44f,28f40919fc72,36,1685270709819,38710,85588123,460,1879701,86679605
f8686b41f44f,28f40919fc72,39,1685270709856,38710,85588123,460,1879701,86679605
f8686b41f44f,28f40919fc72,14,1685270712435,38710,251574370,460,1879701,86679605
f8686b41f44f,28f40919fc72,39,1685270712442,38710,251574370,460,1879701,86679605
f8686b41f44f,28f40919fc72,20,1685270722386,38710,251574370,460,1879701,86679605
f8686b41f44f,28f40919fc72,2,1685270724120,38710,251574370,460,1879701,86679605
f8686b41f44f,28f40919fc72,18,1685270724123,38710,251574370,460,1879701,86679605
f8686b41f44f,28f40919fc72,39,1685270724168,38710,251574370,460,1879701,86679605
f8686b41f44f,28f40919fc72,39,1685270725627,38710,85588123,460,1879701,86679605
f8686b41f44f,28f40919fc72,14,1685270879930,38710,251574367,460,1879701,86679605
f8686b41f44f,28f40919fc72,39,1685270879939,38710,251574367,460,1879701,86679605
f8686b41f44f,28f40919fc72,20,1685270990884,38710,251574367,460,1879701,86679605
f8686b41f44f,28f40919fc72,2,1685271037665,38710,251574367,460,1879701,86679605
f8686b41f44f,28f40919fc72,18,1685271037668,38710,251574367,460,1879701,86679605
f8686b41f44f,28f40919fc72,39,1685271037720,38710,251574367,460,1879701,86679605
f8686b41f44f,28f40919fc72,20,1685271060651,38710,251574367,460,1879701,86679605
f8686b41f44f,28f40919fc72,2,1685271168220,38710,251574367,460,1879701,86679605
f8686b41f44f,28f40919fc72,18,1685271168222,38710,251574367,460,1879701,86679605
f8686b41f44f,28f40919fc72,36,1685271168244,38710,251574367,460,1879701,86679605
f8686b41f44f,28f40919fc72,39,1685271168269,38710,251574367,460,1879701,86679605
f8686b41f44f,28f40919fc72,20,1685271187206,38710,251574367,460,1879701,86679605
f8686b41f44f,28f40919fc72,4,1685271290474,38710,251574367,460,1879701,86679605
f8686b41f44f,28f40919fc72,2,1685271291099,38710,251574367,460,1879701,86679605
f8686b41f44f,28f40919fc72,18,1685271291103,38710,251574367,460,1879701,86679605
f8686b41f44f,28f40919fc72,36,1685271291128,38710,251574367,460,1879701,86679605
f8686b41f44f,28f40919fc72,39,1685271291147,38710,251574367,460,1879701,86679605
f8686b41f44f,28f40919fc72,20,1685271301086,38710,251574367,460,1879701,86679605
f8686b41f44f,28f40919fc72,2,1685271379795,38710,251574367,460,1879701,86679605
f8686b41f44f,28f40919fc72,18,1685271379799,38710,251574367,460,1879701,86679605
f8686b41f44f,28f40919fc72,36,1685271379823,38710,251574367,460,1879701,86679605
f8686b41f44f,28f40919fc72,39,1685271379845,38710,251574367,460,1879701,86679605
f8686b41f44f,28f40919fc72,20,1685271392781,38710,251574367,460,1879701,86679605
f8686b41f44f,28f40919fc72,2,1685271393315,38710,251574367,460,1879701,86679605
f8686b41f44f,28f40919fc72,20,1685271409301,38710,251574367,460,1879701,86679605
f8686b41f44f,28f40919fc72,4,1685271428443,38710,251574367,460,1879701,86679605
f8686b41f44f,28f40919fc72,18,1685271429342,38710,251574367,460,1879701,86679605
f8686b41f44f,28f40919fc72,20,1685271439326,38710,251574367,460,1879701,86679605
f8686b41f44f,28f40919fc72,18,1685271473813,38710,251574367,460,1879701,86679605
f8686b41f44f,28f40919fc72,39,1685271473857,38710,251574367,460,1879701,86679605
f8686b41f44f,28f40919fc72,20,1685271483796,38710,251574367,460,1879701,86679605
f8686b41f44f,28f40919fc72,4,1685271518784,38710,251574367,460,1879701,86679605
f8686b41f44f,28f40919fc72,2,1685271518939,38710,251574367,460,1879701,86679605
f8686b41f44f,28f40919fc72,18,1685271518943,38710,251574367,460,1879701,86679605
f8686b41f44f,28f40919fc72,36,1685271518963,38710,251574367,460,1879701,86679605
f8686b41f44f,28f40919fc72,39,1685271518986,38710,251574367,460,1879701,86679605
f8686b41f44f,28f40919fc72,14,1685271522184,38710,250714715,460,1879701,86679605
f8686b41f44f,28f40919fc72,39,1685271522198,38710,250714715,460,1879701,86679605
f8686b41f44f,28f40919fc72,20,1685271534142,38710,250714715,460,1879701,86679605
f8686b41f44f,28f40919fc72,4,1685271534313,38710,250714715,460,1879701,86679605
f8686b41f44f,28f40919fc72,2,1685271535557,38710,250714715,460,1879701,86679605
f8686b41f44f,28f40919fc72,18,1685271535561,38710,250714715,460,1879701,86679605
f8686b41f44f,28f40919fc72,20,1685271545544,38710,250714715,460,1879701,86679605
f8686b41f44f,28f40919fc72,2,1685271588077,38710,85588129,460,1879701,86679605
f8686b41f44f,28f40919fc72,39,1685271588144,38710,85588129,460,1879701,86679605
f8686b41f44f,28f40919fc72,20,1685271614983,38710,85588129,460,1879701,86679605
f8686b41f44f,28f40919fc72,4,1685271618202,38710,85588129,460,1879701,86679605
f8686b41f44f,28f40919fc72,2,1685271618773,38710,85588129,460,1879701,86679605
f8686b41f44f,28f40919fc72,18,1685271618776,38710,85588129,460,1879701,86679605
f8686b41f44f,28f40919fc72,36,1685271618813,38710,85588129,460,1879701,86679605
f8686b41f44f,28f40919fc72,39,1685271618850,38710,85588129,460,1879701,86679605
f8686b41f44f,28f40919fc72,18,1685271829983,38710,85588126,460,1879701,86679605
f8686b41f44f,28f40919fc72,36,1685271830013,38710,85588126,460,1879701,86679605
f8686b41f44f,28f40919fc72,20,1685271839910,38710,85588126,460,1879701,86679605
f8686b41f44f,28f40919fc72,2,1685271893988,38710,85588126,460,1879701,86679605
f8686b41f44f,28f40919fc72,18,1685271893993,38710,85588126,460,1879701,86679605
f8686b41f44f,28f40919fc72,36,1685271894023,38710,85588126,460,1879701,86679605
f8686b41f44f,28f40919fc72,39,1685271894055,38710,85588126,460,1879701,86679605
f8686b41f44f,28f40919fc72,18,1685272016752,38710,85588126,460,1879701,86679605
f8686b41f44f,28f40919fc72,36,1685272016783,38710,85588126,460,1879701,86679605
f8686b41f44f,28f40919fc72,39,1685272016813,38710,85588126,460,1879701,86679605
f8686b41f44f,28f40919fc72,20,1685272029715,38710,85588126,460,1879701,86679605
f8686b41f44f,28f40919fc72,2,1685272030060,38710,85588126,460,1879701,86679605
f8686b41f44f,28f40919fc72,18,1685272030066,38710,85588126,460,1879701,86679605
f8686b41f44f,28f40919fc72,36,1685272030091,38710,85588126,460,1879701,86679605
f8686b41f44f,28f40919fc72,39,1685272030116,38710,85588126,460,1879701,86679605
f8686b41f44f,28f40919fc72,39,1685272051036,38710,85588120,460,1879701,86679605
f8686b41f44f,28f40919fc72,20,1685272060908,38710,85588120,460,1879701,86679605
f8686b41f44f,28f40919fc72,2,1685272061231,38710,85588120,460,1879701,86679605
f8686b41f44f,28f40919fc72,18,1685272061234,38710,85588120,460,1879701,86679605
f8686b41f44f,28f40919fc72,20,1685272082137,38710,85588120,460,1879701,86679605
f8686b41f44f,28f40919fc72,4,1685272091619,38710,85588185,460,1879701,86679605
f8686b41f44f,28f40919fc72,2,1685272092392,38710,85588185,460,1879701,86679605
f8686b41f44f,28f40919fc72,36,1685272092417,38710,85588185,460,1879701,86679605
f8686b41f44f,28f40919fc72,39,1685272092454,38710,85588185,460,1879701,86679605
f8686b41f44f,28f40919fc72,20,1685272102349,38710,85588185,460,1879701,86679605
f8686b41f44f,28f40919fc72,2,1685272103484,38710,85588185,460,1879701,86679605
f8686b41f44f,28f40919fc72,18,1685272103488,38710,85588185,460,1879701,86679605
f8686b41f44f,28f40919fc72,36,1685272103519,38710,85588185,460,1879701,86679605
f8686b41f44f,28f40919fc72,39,1685272103553,38710,85588185,460,1879701,86679605
f8686b41f44f,28f40919fc72,20,1685272115462,38710,85588185,460,1879701,86679605
f8686b41f44f,28f40919fc72,2,1685272115754,38710,85588185,460,1879701,86679605
f8686b41f44f,28f40919fc72,36,1685272115789,38710,85588185,460,1879701,86679605
f8686b41f44f,28f40919fc72,39,1685272115818,38710,85588185,460,1879701,86679605
f8686b41f44f,28f40919fc72,20,1685272125712,38710,85588185,460,1879701,86679605
f8686b41f44f,28f40919fc72,18,1685272134629,38710,85588185,460,1879701,86679605
f8686b41f44f,28f40919fc72,36,1685272134658,38710,85588185,460,1879701,86679605
f8686b41f44f,28f40919fc72,39,1685272134694,38710,85588185,460,1879701,86679605
f8686b41f44f,28f40919fc72,20,1685272144558,38710,85588185,460,1879701,86679605
f8686b41f44f,28f40919fc72,2,1685272145019,38710,85588185,460,1879701,86679605
f8686b41f44f,28f40919fc72,18,1685272145022,38710,85588185,460,1879701,86679605
f8686b41f44f,28f40919fc72,36,1685272145053,38710,85588185,460,1879701,86679605
f8686b41f44f,28f40919fc72,39,1685272145091,38710,85588185,460,1879701,86679605
f8686b41f44f,28f40919fc72,39,1685272154515,38710,85588126,460,1879701,86679605
f8686b41f44f,28f40919fc72,20,1685272164414,38710,85588126,460,1879701,86679605
f8686b41f44f,28f40919fc72,4,1685272175440,38710,85588126,460,1879701,86679605
f8686b41f44f,28f40919fc72,2,1685272175578,38710,85588126,460,1879701,86679605
f8686b41f44f,28f40919fc72,18,1685272175582,38710,85588126,460,1879701,86679605
f8686b41f44f,28f40919fc72,36,1685272175614,38710,85588126,460,1879701,86679605
f8686b41f44f,28f40919fc72,39,1685272175648,38710,85588126,460,1879701,86679605
f8686b41f44f,28f40919fc72,36,1685272212738,38710,85588126,460,1879701,86679605
f8686b41f44f,28f40919fc72,39,1685272212773,38710,85588126,460,1879701,86679605
f8686b41f44f,28f40919fc72,20,1685272222594,38710,85588126,460,1879701,86679605
f8686b41f44f,28f40919fc72,18,1685272266815,38710,85588126,460,1879701,86679605
f8686b41f44f,28f40919fc72,36,1685272266930,38710,85588126,460,1879701,86679605
f8686b41f44f,28f40919fc72,20,1685272276699,38710,85588126,460,1879701,86679605
f8686b41f44f,28f40919fc72,2,1685272316767,38710,85588126,460,1879701,86679605
f8686b41f44f,28f40919fc72,18,1685272316772,38710,85588126,460,1879701,86679605
f8686b41f44f,28f40919fc72,20,1685272326659,38710,85588126,460,1879701,86679605
f8686b41f44f,28f40919fc72,4,1685272366002,38710,85588126,460,1879701,86679605
f8686b41f44f,28f40919fc72,36,1685272366333,38710,85588126,460,1879701,86679605
f8686b41f44f,28f40919fc72,20,1685272378264,38710,85588126,460,1879701,86679605
f8686b41f44f,28f40919fc72,4,1685272384093,38710,85588126,460,1879701,86679605
f8686b41f44f,28f40919fc72,36,1685272384242,38710,85588126,460,1879701,86679605
f8686b41f44f,28f40919fc72,20,1685272404153,38710,85588126,460,1879701,86679605
f8686b41f44f,28f40919fc72,4,1685272469331,38710,85588126,460,1879701,86679605
f8686b41f44f,28f40919fc72,2,1685272469971,38710,85588126,460,1879701,86679605
f8686b41f44f,28f40919fc72,36,1685272470114,38710,85588126,460,1879701,86679605
f8686b41f44f,28f40919fc72,20,1685272481916,38710,85588126,460,1879701,86679605
f8686b41f44f,28f40919fc72,4,1685272546286,38710,85588126,460,1879701,86679605
f8686b41f44f,28f40919fc72,2,1685272546788,38710,85588126,460,1879701,86679605
f8686b41f44f,28f40919fc72,18,1685272546791,38710,85588126,460,1879701,86679605
f8686b41f44f,28f40919fc72,36,1685272546823,38710,85588126,460,1879701,86679605
f8686b41f44f,28f40919fc72,39,1685272546859,38710,85588126,460,1879701,86679605
f8686b41f44f,28f40919fc72,39,1685272553285,38710,85588133,460,1879701,86679605
f8686b41f44f,28f40919fc72,20,1685272563188,38710,85588133,460,1879701,86679605
f8686b41f44f,28f40919fc72,36,1685272616891,38710,85588133,460,1879701,86679605
f8686b41f44f,28f40919fc72,4,1685272678477,38710,85588133,460,1879701,86679605
f8686b41f44f,28f40919fc72,2,1685272678610,38710,85588133,460,1879701,86679605
f8686b41f44f,28f40919fc72,18,1685272678614,38710,85588133,460,1879701,86679605
f8686b41f44f,28f40919fc72,36,1685272678745,38710,85588133,460,1879701,86679605
f8686b41f44f,28f40919fc72,39,1685272678775,38710,85588133,460,1879701,86679605
f8686b41f44f,28f40919fc72,20,1685272688568,38710,85588133,460,1879701,86679605
f8686b41f44f,28f40919fc72,4,1685272870840,38710,85588133,460,1879701,86679605
f8686b41f44f,28f40919fc72,2,1685272871890,38710,85588133,460,1879701,86679605
f8686b41f44f,28f40919fc72,18,1685272871893,38710,85588133,460,1879701,86679605
f8686b41f44f,28f40919fc72,36,1685272871923,38710,85588133,460,1879701,86679605
f8686b41f44f,28f40919fc72,39,1685272876613,38710,85588185,460,1879701,86679605
f8686b41f44f,28f40919fc72,39,1685272881257,38710,85588133,460,1879701,86679605
f8686b41f44f,28f40919fc72,20,1685272891197,38710,85588133,460,1879701,86679605
f8686b41f44f,28f40919fc72,36,1685272894968,38710,85588133,460,1879701,86679605
f8686b41f44f,28f40919fc72,39,1685272895003,38710,85588133,460,1879701,86679605
f8686b41f44f,28f40919fc72,20,1685272913861,38710,85588133,460,1879701,86679605
f8686b41f44f,28f40919fc72,2,1685272915500,38710,85588133,460,1879701,86679605
f8686b41f44f,28f40919fc72,18,1685272915504,38710,85588133,460,1879701,86679605
f8686b41f44f,28f40919fc72,36,1685272915530,38710,85588133,460,1879701,86679605
f8686b41f44f,28f40919fc72,20,1685272925478,38710,85588133,460,1879701,86679605
f8686b41f44f,28f40919fc72,4,1685272976366,38710,85588133,460,1879701,86679605
f8686b41f44f,28f40919fc72,2,1685272976850,38710,85588133,460,1879701,86679605
f8686b41f44f,28f40919fc72,36,1685272976888,38710,85588133,460,1879701,86679605
f8686b41f44f,28f40919fc72,4,1685273102186,38710,85588133,460,1879701,86679605
f8686b41f44f,28f40919fc72,36,1685273103613,38710,85588133,460,1879701,86679605
f8686b41f44f,28f40919fc72,20,1685273123563,38710,85588133,460,1879701,86679605
f8686b41f44f,28f40919fc72,2,1685273216727,38710,85588133,460,1879701,86679605
f8686b41f44f,28f40919fc72,18,1685273216732,38710,85588133,460,1879701,86679605
f8686b41f44f,28f40919fc72,36,1685273216761,38710,85588133,460,1879701,86679605
f8686b41f44f,28f40919fc72,2,1685273271255,38710,85588133,460,1879701,86679605
f8686b41f44f,28f40919fc72,18,1685273271258,38710,85588133,460,1879701,86679605
f8686b41f44f,28f40919fc72,36,1685273271285,38710,85588133,460,1879701,86679605
f8686b41f44f,28f40919fc72,39,1685273271321,38710,85588133,460,1879701,86679605
f8686b41f44f,28f40919fc72,20,1685273281179,38710,85588133,460,1879701,86679605
f8686b41f44f,28f40919fc72,2,1685273516697,38710,85588133,460,1879701,86679605
f8686b41f44f,28f40919fc72,36,1685273516732,38710,85588133,460,1879701,86679605
f8686b41f44f,28f40919fc72,39,1685273516763,38710,85588133,460,1879701,86679605
f8686b41f44f,28f40919fc72,20,1685273526609,38710,85588133,460,1879701,86679605
f8686b41f44f,28f40919fc72,2,1685273693860,38710,85588133,460,1879701,86679605
f8686b41f44f,28f40919fc72,36,1685273693892,38710,85588133,460,1879701,86679605
f8686b41f44f,28f40919fc72,18,1685273741013,38710,85588133,460,1879701,86679605
f8686b41f44f,28f40919fc72,36,1685273741041,38710,85588133,460,1879701,86679605
f8686b41f44f,28f40919fc72,39,1685273741070,38710,85588133,460,1879701,86679605
f8686b41f44f,28f40919fc72,20,1685273752943,38710,85588133,460,1879701,86679605
f8686b41f44f,28f40919fc72,2,1685273815699,38710,85588133,460,1879701,86679605
f8686b41f44f,28f40919fc72,18,1685273815702,38710,85588133,460,1879701,86679605
f8686b41f44f,28f40919fc72,36,1685273815729,38710,85588133,460,1879701,86679605
f8686b41f44f,28f40919fc72,20,1685274061728,38710,85588133,460,1879701,86679605
f8686b41f44f,28f40919fc72,4,1685274116226,38710,85588133,460,1879701,86679605
f8686b41f44f,28f40919fc72,2,1685274116718,38710,85588133,460,1879701,86679605
f8686b41f44f,28f40919fc72,18,1685274116720,38710,85588133,460,1879701,86679605
f8686b41f44f,28f40919fc72,36,1685274116741,38710,85588133,460,1879701,86679605
f8686b41f44f,28f40919fc72,39,1685274116778,38710,85588133,460,1879701,86679605
f8686b41f44f,28f40919fc72,20,1685274126629,38710,85588133,460,1879701,86679605
f8686b41f44f,28f40919fc72,4,1685274191311,38710,85588133,460,1879701,86679605
f8686b41f44f,28f40919fc72,36,1685274191689,38710,85588133,460,1879701,86679605
f8686b41f44f,28f40919fc72,39,1685274191722,38710,85588133,460,1879701,86679605
f8686b41f44f,28f40919fc72,2,1685274274789,38710,85588133,460,1879701,86679605
f8686b41f44f,28f40919fc72,18,1685274274792,38710,85588133,460,1879701,86679605
f8686b41f44f,28f40919fc72,36,1685274274819,38710,85588133,460,1879701,86679605
f8686b41f44f,28f40919fc72,2,1685274416704,38710,85588133,460,1879701,86679605
f8686b41f44f,28f40919fc72,18,1685274416707,38710,85588133,460,1879701,86679605
f8686b41f44f,28f40919fc72,39,1685274416771,38710,85588133,460,1879701,86679605
f8686b41f44f,28f40919fc72,20,1685274428661,38710,85588133,460,1879701,86679605
f8686b41f44f,28f40919fc72,18,1685274429689,38710,85588133,460,1879701,86679605
f8686b41f44f,28f40919fc72,20,1685274443565,38710,85588133,460,1879701,86679605
f8686b41f44f,28f40919fc72,2,1685274444671,38710,85588133,460,1879701,86679605
f8686b41f44f,28f40919fc72,36,1685274444699,38710,85588133,460,1879701,86679605
f8686b41f44f,28f40919fc72,39,1685274444725,38710,85588133,460,1879701,86679605
f8686b41f44f,28f40919fc72,20,1685274458575,38710,85588133,460,1879701,86679605
f8686b41f44f,28f40919fc72,36,1685274684702,38710,85588133,460,1879701,86679605
f8686b41f44f,28f40919fc72,39,1685274684746,38710,85588133,460,1879701,86679605
f8686b41f44f,28f40919fc72,20,1685274697489,38710,85588133,460,1879701,86679605
f8686b41f44f,28f40919fc72,18,1685274697879,38710,85588133,460,1879701,86679605
f8686b41f44f,28f40919fc72,36,1685274697907,38710,85588133,460,1879701,86679605
f8686b41f44f,28f40919fc72,20,1685274727834,38710,85588133,460,1879701,86679605
f8686b41f44f,28f40919fc72,36,1685274728904,38710,85588133,460,1879701,86679605
f8686b41f44f,28f40919fc72,39,1685274728929,38710,85588133,460,1879701,86679605
f8686b41f44f,28f40919fc72,20,1685274752801,38710,85588133,460,1879701,86679605
f8686b41f44f,28f40919fc72,2,1685274753129,38710,85588133,460,1879701,86679605
f8686b41f44f,28f40919fc72,18,1685274753133,38710,85588133,460,1879701,86679605
f8686b41f44f,28f40919fc72,39,1685274753191,38710,85588133,460,1879701,86679605
f8686b41f44f,28f40919fc72,20,1685274774012,38710,85588133,460,1879701,86679605
f8686b41f44f,28f40919fc72,4,1685274801851,38710,85588133,460,1879701,86679605
f8686b41f44f,28f40919fc72,2,1685274802139,38710,85588133,460,1879701,86679605
f8686b41f44f,28f40919fc72,18,1685274802141,38710,85588133,460,1879701,86679605
f8686b41f44f,28f40919fc72,36,1685274802169,38710,85588133,460,1879701,86679605
f8686b41f44f,28f40919fc72,39,1685274802199,38710,85588133,460,1879701,86679605
f8686b41f44f,28f40919fc72,20,1685274812025,38710,85588133,460,1879701,86679605
f8686b41f44f,28f40919fc72,2,1685274830289,38710,85588133,460,1879701,86679605
f8686b41f44f,28f40919fc72,2,1685274862288,38710,85588133,460,1879701,86679605
f8686b41f44f,28f40919fc72,36,1685274862320,38710,85588133,460,1879701,86679605
f8686b41f44f,28f40919fc72,20,1685274879192,38710,85588133,460,1879701,86679605
f8686b41f44f,28f40919fc72,36,1685274899441,38710,85588133,460,1879701,86679605
f8686b41f44f,28f40919fc72,20,1685274909320,38710,85588133,460,1879701,86679605
f8686b41f44f,28f40919fc72,4,1685274959579,38710,85588133,460,1879701,86679605
f8686b41f44f,28f40919fc72,2,1685274960853,38710,85588133,460,1879701,86679605
f8686b41f44f,28f40919fc72,18,1685274960857,38710,85588133,460,1879701,86679605
f8686b41f44f,28f40919fc72,36,1685274960969,38710,85588133,460,1879701,86679605
f8686b41f44f,28f40919fc72,39,1685274960994,38710,85588133,460,1879701,86679605
f8686b41f44f,28f40919fc72,20,1685274978766,38710,85588133,460,1879701,86679605
f8686b41f44f,28f40919fc72,2,1685275016778,38710,85588133,460,1879701,86679605
f8686b41f44f,28f40919fc72,18,1685275016781,38710,85588133,460,1879701,86679605
f8686b41f44f,28f40919fc72,39,1685275016833,38710,85588133,460,1879701,86679605
f8686b41f44f,28f40919fc72,20,1685275026721,38710,85588133,460,1879701,86679605
f8686b41f44f,28f40919fc72,4,1685275111353,38710,85588133,460,1879701,86679605
f8686b41f44f,28f40919fc72,18,1685275111893,38710,85588133,460,1879701,86679605
f8686b41f44f,28f40919fc72,36,1685275111926,38710,85588133,460,1879701,86679605
f8686b41f44f,28f40919fc72,20,1685275121805,38710,85588133,460,1879701,86679605
f8686b41f44f,28f40919fc72,2,1685275245018,38710,85588133,460,1879701,86679605
f8686b41f44f,28f40919fc72,18,1685275245021,38710,85588133,460,1879701,86679605
f8686b41f44f,28f40919fc72,39,1685275245176,38710,85588133,460,1879701,86679605
f8686b41f44f,28f40919fc72,20,1685275254905,38710,85588133,460,1879701,86679605
f8686b41f44f,28f40919fc72,4,1685275261358,38710,85588133,460,1879701,86679605
f8686b41f44f,28f40919fc72,2,1685275261671,38710,85588133,460,1879701,86679605
f8686b41f44f,28f40919fc72,39,1685275261736,38710,85588133,460,1879701,86679605
f8686b41f44f,28f40919fc72,20,1685275275563,38710,85588133,460,1879701,86679605
f8686b41f44f,28f40919fc72,4,1685275292449,38710,85588133,460,1879701,86679605
f8686b41f44f,28f40919fc72,18,1685275293652,38710,85588133,460,1879701,86679605
f8686b41f44f,28f40919fc72,39,1685275293703,38710,85588133,460,1879701,86679605
f8686b41f44f,28f40919fc72,18,1685275316742,38710,85588133,460,1879701,86679605
f8686b41f44f,28f40919fc72,39,1685275316795,38710,85588133,460,1879701,86679605
f8686b41f44f,28f40919fc72,2,1685275340238,38710,85588133,460,1879701,86679605
f8686b41f44f,28f40919fc72,18,1685275340241,38710,85588133,460,1879701,86679605
f8686b41f44f,28f40919fc72,39,1685275340294,38710,85588133,460,1879701,86679605
f8686b41f44f,28f40919fc72,20,1685275354199,38710,85588133,460,1879701,86679605
f8686b41f44f,28f40919fc72,4,1685275414486,38710,85588133,460,1879701,86679605
f8686b41f44f,28f40919fc72,2,1685275415256,38710,85588133,460,1879701,86679605
f8686b41f44f,28f40919fc72,36,1685275415432,38710,85588133,460,1879701,86679605
f8686b41f44f,28f40919fc72,39,1685275415470,38710,85588133,460,1879701,86679605
f8686b41f44f,28f40919fc72,18,1685275448533,38710,85588133,460,1879701,86679605
f8686b41f44f,28f40919fc72,39,1685275448584,38710,85588133,460,1879701,86679605
f8686b41f44f,28f40919fc72,2,1685275458808,38710,85588133,460,1879701,86679605
f8686b41f44f,28f40919fc72,18,1685275458812,38710,85588133,460,1879701,86679605
f8686b41f44f,28f40919fc72,36,1685275458839,38710,85588133,460,1879701,86679605
f8686b41f44f,28f40919fc72,20,1685275472788,38710,85588133,460,1879701,86679605
f8686b41f44f,28f40919fc72,4,1685275489145,38710,85588133,460,1879701,86679605
f8686b41f44f,28f40919fc72,18,1685275489497,38710,85588133,460,1879701,86679605
f8686b41f44f,28f40919fc72,36,1685275489526,38710,85588133,460,1879701,86679605
f8686b41f44f,28f40919fc72,20,1685275499390,38710,85588133,460,1879701,86679605
f8686b41f44f,28f40919fc72,2,1685275499708,38710,85588133,460,1879701,86679605
f8686b41f44f,28f40919fc72,36,1685275499740,38710,85588133,460,1879701,86679605
f8686b41f44f,28f40919fc72,39,1685275499764,38710,85588133,460,1879701,86679605
f8686b41f44f,28f40919fc72,20,1685275522618,38710,85588133,460,1879701,86679605
f8686b41f44f,28f40919fc72,4,1685275530082,38710,85588133,460,1879701,86679605
f8686b41f44f,28f40919fc72,36,1685275530484,38710,85588133,460,1879701,86679605
f8686b41f44f,28f40919fc72,39,1685275530516,38710,85588133,460,1879701,86679605
f8686b41f44f,28f40919fc72,20,1685275550381,38710,85588133,460,1879701,86679605
f8686b41f44f,28f40919fc72,2,1685275600849,38710,85588133,460,1879701,86679605
f8686b41f44f,28f40919fc72,39,1685275600905,38710,85588133,460,1879701,86679605
f8686b41f44f,28f40919fc72,20,1685275610742,38710,85588133,460,1879701,86679605
f8686b41f44f,28f40919fc72,36,1685275616718,38710,85588133,460,1879701,86679605
f8686b41f44f,28f40919fc72,39,1685275616744,38710,85588133,460,1879701,86679605
f8686b41f44f,28f40919fc72,20,1685275630658,38710,85588133,460,1879701,86679605
f8686b41f44f,28f40919fc72,4,1685275716916,38710,85588133,460,1879701,86679605
f8686b41f44f,28f40919fc72,2,1685275717328,38710,85588133,460,1879701,86679605
f8686b41f44f,28f40919fc72,18,1685275717332,38710,85588133,460,1879701,86679605
f8686b41f44f,28f40919fc72,36,1685275717359,38710,85588133,460,1879701,86679605
f8686b41f44f,28f40919fc72,39,1685275717384,38710,85588133,460,1879701,86679605
f8686b41f44f,28f40919fc72,20,1685275731280,38710,85588133,460,1879701,86679605
f8686b41f44f,28f40919fc72,4,1685275748204,38710,85588133,460,1879701,86679605
f8686b41f44f,28f40919fc72,2,1685275749331,38710,85588133,460,1879701,86679605
f8686b41f44f,28f40919fc72,18,1685275749337,38710,85588133,460,1879701,86679605
f8686b41f44f,28f40919fc72,36,1685275749476,38710,85588133,460,1879701,86679605
f8686b41f44f,28f40919fc72,39,1685275749504,38710,85588133,460,1879701,86679605
f8686b41f44f,28f40919fc72,18,1685275780052,38710,85588133,460,1879701,86679605
f8686b41f44f,28f40919fc72,20,1685275789931,38710,85588133,460,1879701,86679605
f8686b41f44f,28f40919fc72,4,1685275911565,38710,85588133,460,1879701,86679605
f8686b41f44f,28f40919fc72,2,1685275911904,38710,85588133,460,1879701,86679605
f8686b41f44f,28f40919fc72,36,1685275911933,38710,85588133,460,1879701,86679605
f8686b41f44f,28f40919fc72,39,1685275911963,38710,85588133,460,1879701,86679605
f8686b41f44f,28f40919fc72,20,1685275927883,38710,85588133,460,1879701,86679605
f8686b41f44f,28f40919fc72,4,1685275928735,38710,85588133,460,1879701,86679605
f8686b41f44f,28f40919fc72,2,1685275929808,38710,85588133,460,1879701,86679605
f8686b41f44f,28f40919fc72,36,1685275929842,38710,85588133,460,1879701,86679605
f8686b41f44f,28f40919fc72,39,1685275929875,38710,85588133,460,1879701,86679605
f8686b41f44f,28f40919fc72,20,1685275941709,38710,85588133,460,1879701,86679605
f8686b41f44f,28f40919fc72,4,1685275988129,38710,85588133,460,1879701,86679605
f8686b41f44f,28f40919fc72,2,1685275988688,38710,85588133,460,1879701,86679605
f8686b41f44f,28f40919fc72,18,1685275988693,38710,85588133,460,1879701,86679605
f8686b41f44f,28f40919fc72,39,1685275988854,38710,85588133,460,1879701,86679605
f8686b41f44f,28f40919fc72,34,1685275988955,38710,85588133,460,1879701,86679605
f8686b41f44f,28f40919fc72,21,1685276020988,38710,85588133,460,1879701,86679605
f8686b41f44f,28f40919fc72,11,1685276020988,38710,85588133,460,1879701,86679605
f8686b41f44f,28f40919fc72,21,1685276035218,38710,85588133,460,1879701,86679605
f8686b41f44f,28f40919fc72,39,1685276073749,38710,85588120,460,1879701,86679605
f8686b41f44f,28f40919fc72,2,1685276090641,38710,85588120,460,1879701,86679605
f8686b41f44f,28f40919fc72,18,1685276090644,38710,85588120,460,1879701,86679605
f8686b41f44f,28f40919fc72,39,1685276097819,38710,85588126,460,1879701,86679605
f8686b41f44f,28f40919fc72,39,1685276109470,38710,85588133,460,1879701,86679605
f8686b41f44f,28f40919fc72,20,1685276129152,38710,85588126,460,1879701,86679605
f8686b41f44f,28f40919fc72,4,1685276230208,38710,85588133,460,1879701,86679605
f8686b41f44f,28f40919fc72,2,1685276230609,38710,85588133,460,1879701,86679605
f8686b41f44f,28f40919fc72,36,1685276230639,38710,85588133,460,1879701,86679605
f8686b41f44f,28f40919fc72,39,1685276230663,38710,85588133,460,1879701,86679605
f8686b41f44f,28f40919fc72,20,1685276240505,38710,85588133,460,1879701,86679605
f8686b41f44f,28f40919fc72,4,1685276311658,38710,85588133,460,1879701,86679605
f8686b41f44f,28f40919fc72,2,1685276312536,38710,85588133,460,1879701,86679605
f8686b41f44f,28f40919fc72,36,1685276312651,38710,85588133,460,1879701,86679605
f8686b41f44f,28f40919fc72,39,1685276312683,38710,85588133,460,1879701,86679605
f8686b41f44f,28f40919fc72,20,1685276322456,38710,85588133,460,1879701,86679605
f8686b41f44f,28f40919fc72,4,1685276326797,38710,85588133,460,1879701,86679605
f8686b41f44f,28f40919fc72,2,1685276327889,38710,85588133,460,1879701,86679605
f8686b41f44f,28f40919fc72,18,1685276327892,38710,85588133,460,1879701,86679605
f8686b41f44f,28f40919fc72,36,1685276327920,38710,85588133,460,1879701,86679605
f8686b41f44f,28f40919fc72,39,1685276327956,38710,85588133,460,1879701,86679605
f8686b41f44f,28f40919fc72,20,1685276337845,38710,85588133,460,1879701,86679605
f8686b41f44f,28f40919fc72,2,1685276340230,38710,85588133,460,1879701,86679605
f8686b41f44f,28f40919fc72,18,1685276340234,38710,85588133,460,1879701,86679605
f8686b41f44f,28f40919fc72,36,1685276340261,38710,85588133,460,1879701,86679605
f8686b41f44f,28f40919fc72,20,1685276363195,38710,85588133,460,1879701,86679605
f8686b41f44f,28f40919fc72,4,1685276388379,38710,85588133,460,1879701,86679605
f8686b41f44f,28f40919fc72,2,1685276389336,38710,85588133,460,1879701,86679605
f8686b41f44f,28f40919fc72,18,1685276389339,38710,85588133,460,1879701,86679605
f8686b41f44f,28f40919fc72,36,1685276389372,38710,85588133,460,1879701,86679605
f8686b41f44f,28f40919fc72,39,1685276389401,38710,85588133,460,1879701,86679605
f8686b41f44f,28f40919fc72,20,1685276399301,38710,85588133,460,1879701,86679605
f8686b41f44f,28f40919fc72,4,1685276400702,38710,85588133,460,1879701,86679605
f8686b41f44f,28f40919fc72,2,1685276400851,38710,85588133,460,1879701,86679605
f8686b41f44f,28f40919fc72,39,1685276400909,38710,85588133,460,1879701,86679605
f8686b41f44f,28f40919fc72,20,1685276410765,38710,85588133,460,1879701,86679605
f8686b41f44f,28f40919fc72,2,1685276579719,38710,85588133,460,1879701,86679605
f8686b41f44f,28f40919fc72,18,1685276579722,38710,85588133,460,1879701,86679605
f8686b41f44f,28f40919fc72,36,1685276579853,38710,85588133,460,1879701,86679605
f8686b41f44f,28f40919fc72,39,1685276579879,38710,85588133,460,1879701,86679605
f8686b41f44f,28f40919fc72,20,1685276589678,38710,85588133,460,1879701,86679605
f8686b41f44f,28f40919fc72,4,1685276640641,38710,85588133,460,1879701,86679605
f8686b41f44f,28f40919fc72,2,1685276641488,38710,85588133,460,1879701,86679605
f8686b41f44f,28f40919fc72,18,1685276641490,38710,85588133,460,1879701,86679605
f8686b41f44f,28f40919fc72,39,1685276641634,38710,85588133,460,1879701,86679605
f8686b41f44f,28f40919fc72,18,1685276665641,38710,85588133,460,1879701,86679605
f8686b41f44f,28f40919fc72,36,1685276665658,38710,85588133,460,1879701,86679605
f8686b41f44f,28f40919fc72,20,1685276678556,38710,85588133,460,1879701,86679605
f8686b41f44f,28f40919fc72,2,1685276682238,38710,85588133,460,1879701,86679605
f8686b41f44f,28f40919fc72,18,1685276682243,38710,85588133,460,1879701,86679605
f8686b41f44f,28f40919fc72,4,1685276714253,38710,85588133,460,1879701,86679605
f8686b41f44f,28f40919fc72,2,1685276714451,38710,85588133,460,1879701,86679605
f8686b41f44f,28f40919fc72,18,1685276714455,38710,85588133,460,1879701,86679605
f8686b41f44f,28f40919fc72,36,1685276714481,38710,85588133,460,1879701,86679605
f8686b41f44f,28f40919fc72,39,1685276714511,38710,85588133,460,1879701,86679605
f8686b41f44f,28f40919fc72,20,1685276724416,38710,85588133,460,1879701,86679605
f8686b41f44f,28f40919fc72,4,1685276744157,38710,85588133,460,1879701,86679605
f8686b41f44f,28f40919fc72,2,1685276745168,38710,85588133,460,1879701,86679605
f8686b41f44f,28f40919fc72,18,1685276745171,38710,85588133,460,1879701,86679605
f8686b41f44f,28f40919fc72,36,1685276745198,38710,85588133,460,1879701,86679605
f8686b41f44f,28f40919fc72,39,1685276745231,38710,85588133,460,1879701,86679605
f8686b41f44f,28f40919fc72,4,1685276905604,38710,85588133,460,1879701,86679605
f8686b41f44f,28f40919fc72,18,1685276906451,38710,85588133,460,1879701,86679605
f8686b41f44f,28f40919fc72,39,1685276906504,38710,85588133,460,1879701,86679605
f8686b41f44f,28f40919fc72,20,1685276919430,38710,85588133,460,1879701,86679605
f8686b41f44f,28f40919fc72,18,1685276920146,38710,85588133,460,1879701,86679605
f8686b41f44f,28f40919fc72,36,1685276920173,38710,85588133,460,1879701,86679605
f8686b41f44f,28f40919fc72,39,1685276920203,38710,85588133,460,1879701,86679605
f8686b41f44f,28f40919fc72,39,1685276924052,38710,85588185,460,1879701,86679605
f8686b41f44f,28f40919fc72,20,1685276933916,38710,85588185,460,1879701,86679605
f8686b41f44f,28f40919fc72,4,1685276938570,38710,85588185,460,1879701,86679605
f8686b41f44f,28f40919fc72,2,1685276939742,38710,85588185,460,1879701,86679605
f8686b41f44f,28f40919fc72,36,1685276939950,38710,85588185,460,1879701,86679605
f8686b41f44f,28f40919fc72,39,1685276939983,38710,85588185,460,1879701,86679605
f8686b41f44f,28f40919fc72,20,1685276953624,38710,85588185,460,1879701,86679605
f8686b41f44f,28f40919fc72,2,1685276954004,38710,85588185,460,1879701,86679605
f8686b41f44f,28f40919fc72,18,1685276954006,38710,85588185,460,1879701,86679605
f8686b41f44f,28f40919fc72,39,1685276954065,38710,85588185,460,1879701,86679605
f8686b41f44f,28f40919fc72,20,1685276963936,38710,85588185,460,1879701,86679605
f8686b41f44f,28f40919fc72,4,1685276965671,38710,85588185,460,1879701,86679605
f8686b41f44f,28f40919fc72,39,1685276966674,38710,85588185,460,1879701,86679605
f8686b41f44f,28f40919fc72,20,1685276981823,38710,85588120,460,1879701,86679605
f8686b41f44f,28f40919fc72,4,1685277009807,38710,85588126,460,1879701,86679605
f8686b41f44f,28f40919fc72,18,1685277010136,38710,85588126,460,1879701,86679605
f8686b41f44f,28f40919fc72,36,1685277010161,38710,85588126,460,1879701,86679605
f8686b41f44f,28f40919fc72,20,1685277028019,38710,85588126,460,1879701,86679605
f8686b41f44f,28f40919fc72,4,1685277048017,38710,85588126,460,1879701,86679605
f8686b41f44f,28f40919fc72,18,1685277048532,38710,85588126,460,1879701,86679605
f8686b41f44f,28f40919fc72,36,1685277048558,38710,85588126,460,1879701,86679605
f8686b41f44f,28f40919fc72,39,1685277048583,38710,85588126,460,1879701,86679605
f8686b41f44f,28f40919fc72,4,1685277080864,38710,85588126,460,1879701,86679605
f8686b41f44f,28f40919fc72,2,1685277081808,38710,85588126,460,1879701,86679605
f8686b41f44f,28f40919fc72,20,1685277091759,38710,85588126,460,1879701,86679605
f8686b41f44f,28f40919fc72,4,1685277130888,38710,85588126,460,1879701,86679605
f8686b41f44f,28f40919fc72,18,1685277131732,38710,85588126,460,1879701,86679605
f8686b41f44f,28f40919fc72,39,1685277131788,38710,85588126,460,1879701,86679605
f8686b41f44f,28f40919fc72,20,1685277141621,38710,85588126,460,1879701,86679605
f8686b41f44f,28f40919fc72,18,1685277241667,38710,85588126,460,1879701,86679605
f8686b41f44f,28f40919fc72,36,1685277241689,38710,85588126,460,1879701,86679605
f8686b41f44f,28f40919fc72,39,1685277241714,38710,85588126,460,1879701,86679605
f8686b41f44f,28f40919fc72,4,1685277420424,38710,85588126,460,1879701,86679605
f8686b41f44f,28f40919fc72,36,1685277421046,38710,85588126,460,1879701,86679605
f8686b41f44f,28f40919fc72,39,1685277421082,38710,85588126,460,1879701,86679605
f8686b41f44f,28f40919fc72,20,1685277447954,38710,85588126,460,1879701,86679605
f8686b41f44f,28f40919fc72,2,1685277476049,38710,85588126,460,1879701,86679605
f8686b41f44f,28f40919fc72,18,1685277476052,38710,85588126,460,1879701,86679605
f8686b41f44f,28f40919fc72,36,1685277476078,38710,85588126,460,1879701,86679605
f8686b41f44f,28f40919fc72,20,1685277496910,38710,85588120,460,1879701,86679605
f8686b41f44f,28f40919fc72,2,1685277540656,38710,85588126,460,1879701,86679605
f8686b41f44f,28f40919fc72,18,1685277540659,38710,85588126,460,1879701,86679605
f8686b41f44f,28f40919fc72,39,1685277540730,38710,85588126,460,1879701,86679605
f8686b41f44f,28f40919fc72,36,1685277630975,38710,85588126,460,1879701,86679605
f8686b41f44f,28f40919fc72,39,1685277631003,38710,85588126,460,1879701,86679605
f8686b41f44f,28f40919fc72,20,1685277640826,38710,85588126,460,1879701,86679605
f8686b41f44f,28f40919fc72,4,1685277793067,38710,85588126,460,1879701,86679605
f8686b41f44f,28f40919fc72,18,1685277793501,38710,85588126,460,1879701,86679605
f8686b41f44f,28f40919fc72,36,1685277793528,38710,85588126,460,1879701,86679605
f8686b41f44f,28f40919fc72,2,1685277830647,38710,85588185,460,1879701,86679605
f8686b41f44f,28f40919fc72,18,1685277830649,38710,85588185,460,1879701,86679605
f8686b41f44f,28f40919fc72,36,1685277830677,38710,85588185,460,1879701,86679605
f8686b41f44f,28f40919fc72,39,1685277830717,38710,85588185,460,1879701,86679605
f8686b41f44f,28f40919fc72,2,1685277840659,38710,85588185,460,1879701,86679605
f8686b41f44f,28f40919fc72,18,1685277840663,38710,85588185,460,1879701,86679605
f8686b41f44f,28f40919fc72,36,1685277840690,38710,85588185,460,1879701,86679605
f8686b41f44f,28f40919fc72,39,1685277851244,38710,85588120,460,1879701,86679605
f8686b41f44f,28f40919fc72,20,1685277871118,38710,85588120,460,1879701,86679605
f8686b41f44f,28f40919fc72,4,1685277886785,38710,85588120,460,1879701,86679605
f8686b41f44f,28f40919fc72,18,1685277886936,38710,85588120,460,1879701,86679605
f8686b41f44f,28f40919fc72,39,1685277886999,38710,85588120,460,1879701,86679605
f8686b41f44f,28f40919fc72,20,1685277896894,38710,85588120,460,1879701,86679605
f8686b41f44f,28f40919fc72,4,1685277911604,38710,85588126,460,1879701,86679605
f8686b41f44f,28f40919fc72,2,1685277912528,38710,85588126,460,1879701,86679605
f8686b41f44f,28f40919fc72,39,1685277912704,38710,85588126,460,1879701,86679605
f8686b41f44f,28f40919fc72,18,1685278141658,38710,85588185,460,1879701,86679605
f8686b41f44f,28f40919fc72,36,1685278141685,38710,85588185,460,1879701,86679605
f8686b41f44f,28f40919fc72,39,1685278141714,38710,85588185,460,1879701,86679605
f8686b41f44f,28f40919fc72,20,1685278151573,38710,85588185,460,1879701,86679605
f8686b41f44f,28f40919fc72,2,1685278191586,38710,85588185,460,1879701,86679605
f8686b41f44f,28f40919fc72,36,1685278191795,38710,85588185,460,1879701,86679605
f8686b41f44f,28f40919fc72,39,1685278191826,38710,85588185,460,1879701,86679605
f8686b41f44f,28f40919fc72,39,1685278198009,38710,85588133,460,1879701,86679605
f8686b41f44f,28f40919fc72,2,1685278277336,38710,85588133,460,1879701,86679605
f8686b41f44f,28f40919fc72,18,1685278277340,38710,85588133,460,1879701,86679605
f8686b41f44f,28f40919fc72,39,1685278277407,38710,85588133,460,1879701,86679605
f8686b41f44f,28f40919fc72,2,1685278287818,38710,85588133,460,1879701,86679605
f8686b41f44f,28f40919fc72,18,1685278287822,38710,85588133,460,1879701,86679605
f8686b41f44f,28f40919fc72,36,1685278287848,38710,85588133,460,1879701,86679605
f8686b41f44f,28f40919fc72,39,1685278287873,38710,85588133,460,1879701,86679605
f8686b41f44f,28f40919fc72,18,1685278313171,38710,85588133,460,1879701,86679605
f8686b41f44f,28f40919fc72,36,1685278313288,38710,85588133,460,1879701,86679605
f8686b41f44f,28f40919fc72,39,1685278313313,38710,85588133,460,1879701,86679605
f8686b41f44f,28f40919fc72,2,1685278326305,38710,85588133,460,1879701,86679605
f8686b41f44f,28f40919fc72,36,1685278326335,38710,85588133,460,1879701,86679605
f8686b41f44f,28f40919fc72,20,1685278336246,38710,85588133,460,1879701,86679605
f8686b41f44f,28f40919fc72,2,1685278342959,38710,85588133,460,1879701,86679605
f8686b41f44f,28f40919fc72,36,1685278342988,38710,85588133,460,1879701,86679605
f8686b41f44f,28f40919fc72,39,1685278354831,38710,85588120,460,1879701,86679605
f8686b41f44f,28f40919fc72,20,1685278364780,38710,85588120,460,1879701,86679605
f8686b41f44f,28f40919fc72,4,1685278373314,38710,85588120,460,1879701,86679605
f8686b41f44f,28f40919fc72,2,1685278374628,38710,85588120,460,1879701,86679605
f8686b41f44f,28f40919fc72,36,1685278374653,38710,85588120,460,1879701,86679605
f8686b41f44f,28f40919fc72,39,1685278374684,38710,85588120,460,1879701,86679605
f8686b41f44f,28f40919fc72,20,1685278386555,38710,85588120,460,1879701,86679605
f8686b41f44f,28f40919fc72,4,1685278405938,38710,85588120,460,1879701,86679605
f8686b41f44f,28f40919fc72,2,1685278406613,38710,85588120,460,1879701,86679605
f8686b41f44f,28f40919fc72,36,1685278406663,38710,85588120,460,1879701,86679605
f8686b41f44f,28f40919fc72,39,1685278406693,38710,85588120,460,1879701,86679605
f8686b41f44f,28f40919fc72,39,1685278410566,38710,85588133,460,1879701,86679605
f8686b41f44f,28f40919fc72,20,1685278420480,38710,85588133,460,1879701,86679605
f8686b41f44f,28f40919fc72,4,1685278435658,38710,85588133,460,1879701,86679605
f8686b41f44f,28f40919fc72,2,1685278435709,38710,85588133,460,1879701,86679605
f8686b41f44f,28f40919fc72,18,1685278435712,38710,85588133,460,1879701,86679605
f8686b41f44f,28f40919fc72,36,1685278435740,38710,85588133,460,1879701,86679605
f8686b41f44f,28f40919fc72,39,1685278435775,38710,85588133,460,1879701,86679605
f8686b41f44f,28f40919fc72,4,1685278740608,38710,85588126,460,1879701,86679605
f8686b41f44f,28f40919fc72,2,1685278743248,38710,85588126,460,1879701,86679605
f8686b41f44f,28f40919fc72,18,1685278743250,38710,85588126,460,1879701,86679605
f8686b41f44f,28f40919fc72,36,1685278743363,38710,85588126,460,1879701,86679605
f8686b41f44f,28f40919fc72,39,1685278743388,38710,85588126,460,1879701,86679605
f8686b41f44f,28f40919fc72,20,1685278753202,38710,85588126,460,1879701,86679605
f8686b41f44f,28f40919fc72,4,1685278852263,38710,85588126,460,1879701,86679605
f8686b41f44f,28f40919fc72,2,1685278853328,38710,85588126,460,1879701,86679605
f8686b41f44f,28f40919fc72,18,1685278853333,38710,85588126,460,1879701,86679605
f8686b41f44f,28f40919fc72,36,1685278853358,38710,85588126,460,1879701,86679605
f8686b41f44f,28f40919fc72,2,1685278962668,38710,85588126,460,1879701,86679605
f8686b41f44f,28f40919fc72,36,1685278962698,38710,85588126,460,1879701,86679605
f8686b41f44f,28f40919fc72,20,1685278984619,38710,85588126,460,1879701,86679605
f8686b41f44f,28f40919fc72,2,1685279056855,38710,85588126,460,1879701,86679605
f8686b41f44f,28f40919fc72,18,1685279056857,38710,85588126,460,1879701,86679605
f8686b41f44f,28f40919fc72,36,1685279056881,38710,85588126,460,1879701,86679605
f8686b41f44f,28f40919fc72,39,1685279056916,38710,85588126,460,1879701,86679605
f8686b41f44f,28f40919fc72,20,1685279066757,38710,85588126,460,1879701,86679605
f8686b41f44f,28f40919fc72,18,1685279067760,38710,85588126,460,1879701,86679605
f8686b41f44f,28f40919fc72,36,1685279067778,38710,85588126,460,1879701,86679605
f8686b41f44f,28f40919fc72,20,1685279077703,38710,85588126,460,1879701,86679605
f8686b41f44f,28f40919fc72,4,1685279108416,38710,85588126,460,1879701,86679605
f8686b41f44f,28f40919fc72,2,1685279109328,38710,85588126,460,1879701,86679605
f8686b41f44f,28f40919fc72,36,1685279109358,38710,85588126,460,1879701,86679605
f8686b41f44f,28f40919fc72,39,1685279109388,38710,85588126,460,1879701,86679605
f8686b41f44f,28f40919fc72,20,1685279121309,38710,85588126,460,1879701,86679605
f8686b41f44f,28f40919fc72,36,1685279262693,38710,85588126,460,1879701,86679605
f8686b41f44f,28f40919fc72,39,1685279262719,38710,85588126,460,1879701,86679605
f8686b41f44f,28f40919fc72,20,1685279284563,38710,85588126,460,1879701,86679605
f8686b41f44f,28f40919fc72,2,1685279320705,38710,85588126,460,1879701,86679605
f8686b41f44f,28f40919fc72,18,1685279320708,38710,85588126,460,1879701,86679605
f8686b41f44f,28f40919fc72,36,1685279320740,38710,85588126,460,1879701,86679605
f8686b41f44f,28f40919fc72,39,1685279320777,38710,85588126,460,1879701,86679605
f8686b41f44f,28f40919fc72,20,1685279335637,38710,85588126,460,1879701,86679605
f8686b41f44f,28f40919fc72,2,1685279352528,38710,85588126,460,1879701,86679605
f8686b41f44f,28f40919fc72,18,1685279352530,38710,85588126,460,1879701,86679605
f8686b41f44f,28f40919fc72,36,1685279352558,38710,85588126,460,1879701,86679605
f8686b41f44f,28f40919fc72,4,1685279385100,38710,85588126,460,1879701,86679605
f8686b41f44f,28f40919fc72,18,1685279385810,38710,85588126,460,1879701,86679605
f8686b41f44f,28f40919fc72,20,1685279400746,38710,85588126,460,1879701,86679605
f8686b41f44f,28f40919fc72,2,1685279401148,38710,85588126,460,1879701,86679605
f8686b41f44f,28f40919fc72,18,1685279401152,38710,85588126,460,1879701,86679605
f8686b41f44f,28f40919fc72,39,1685279401199,38710,85588126,460,1879701,86679605
f8686b41f44f,28f40919fc72,4,1685279475852,38710,85588126,460,1879701,86679605
f8686b41f44f,28f40919fc72,2,1685279476694,38710,85588126,460,1879701,86679605
f8686b41f44f,28f40919fc72,18,1685279476698,38710,85588126,460,1879701,86679605
f8686b41f44f,28f40919fc72,36,1685279476725,38710,85588126,460,1879701,86679605
f8686b41f44f,28f40919fc72,39,1685279476755,38710,85588126,460,1879701,86679605
f8686b41f44f,28f40919fc72,20,1685279486614,38710,85588126,460,1879701,86679605
f8686b41f44f,28f40919fc72,2,1685279487276,38710,85588126,460,1879701,86679605
f8686b41f44f,28f40919fc72,18,1685279487279,38710,85588126,460,1879701,86679605
f8686b41f44f,28f40919fc72,36,1685279487303,38710,85588126,460,1879701,86679605
f8686b41f44f,28f40919fc72,39,1685279487335,38710,85588126,460,1879701,86679605
f8686b41f44f,28f40919fc72,20,1685279497157,38710,85588126,460,1879701,86679605
f8686b41f44f,28f40919fc72,2,1685279562678,38710,85588126,460,1879701,86679605
f8686b41f44f,28f40919fc72,18,1685279562681,38710,85588126,460,1879701,86679605
f8686b41f44f,28f40919fc72,36,1685279562788,38710,85588126,460,1879701,86679605
f8686b41f44f,28f40919fc72,39,1685279562813,38710,85588126,460,1879701,86679605
f8686b41f44f,28f40919fc72,20,1685279572628,38710,85588126,460,1879701,86679605
f8686b41f44f,28f40919fc72,2,1685279606675,38710,85588126,460,1879701,86679605
f8686b41f44f,28f40919fc72,36,1685279606700,38710,85588126,460,1879701,86679605
f8686b41f44f,28f40919fc72,20,1685279622584,38710,85588126,460,1879701,86679605
f8686b41f44f,28f40919fc72,4,1685279647914,38710,85588126,460,1879701,86679605
f8686b41f44f,28f40919fc72,36,1685279648240,38710,85588126,460,1879701,86679605
f8686b41f44f,28f40919fc72,20,1685279874563,38710,85588126,460,1879701,86679605
f8686b41f44f,28f40919fc72,18,1685279874962,38710,85588126,460,1879701,86679605
f8686b41f44f,28f40919fc72,36,1685279874988,38710,85588126,460,1879701,86679605
f8686b41f44f,28f40919fc72,39,1685279875013,38710,85588126,460,1879701,86679605
f8686b41f44f,28f40919fc72,2,1685279901757,38710,85588126,460,1879701,86679605
f8686b41f44f,28f40919fc72,18,1685279901759,38710,85588126,460,1879701,86679605
f8686b41f44f,28f40919fc72,36,1685279901782,38710,85588126,460,1879701,86679605
f8686b41f44f,28f40919fc72,39,1685279901808,38710,85588126,460,1879701,86679605
f8686b41f44f,28f40919fc72,4,1685279931856,38710,85588126,460,1879701,86679605
f8686b41f44f,28f40919fc72,2,1685279932368,38710,85588126,460,1879701,86679605
f8686b41f44f,28f40919fc72,18,1685279932370,38710,85588126,460,1879701,86679605
f8686b41f44f,28f40919fc72,36,1685279932398,38710,85588126,460,1879701,86679605
f8686b41f44f,28f40919fc72,2,1685280162668,38710,85588126,460,1879701,86679605
f8686b41f44f,28f40919fc72,36,1685280162783,38710,85588126,460,1879701,86679605
f8686b41f44f,28f40919fc72,39,1685280162813,38710,85588126,460,1879701,86679605
f8686b41f44f,28f40919fc72,20,1685280178561,38710,85588126,460,1879701,86679605
f8686b41f44f,28f40919fc72,4,1685280223360,38710,85588126,460,1879701,86679605
f8686b41f44f,28f40919fc72,2,1685280224207,38710,85588126,460,1879701,86679605
f8686b41f44f,28f40919fc72,36,1685280224238,38710,85588126,460,1879701,86679605
f8686b41f44f,28f40919fc72,39,1685280224269,38710,85588126,460,1879701,86679605
f8686b41f44f,28f40919fc72,2,1685280243409,38710,85588126,460,1879701,86679605
f8686b41f44f,28f40919fc72,18,1685280243412,38710,85588126,460,1879701,86679605
f8686b41f44f,28f40919fc72,36,1685280243435,38710,85588126,460,1879701,86679605
f8686b41f44f,28f40919fc72,39,1685280243470,38710,85588126,460,1879701,86679605
f8686b41f44f,28f40919fc72,20,1685280253323,38710,85588126,460,1879701,86679605
f8686b41f44f,28f40919fc72,2,1685280462648,38710,85588126,460,1879701,86679605
f8686b41f44f,28f40919fc72,18,1685280462650,38710,85588126,460,1879701,86679605
f8686b41f44f,28f40919fc72,36,1685280462763,38710,85588126,460,1879701,86679605
f8686b41f44f,28f40919fc72,39,1685280462793,38710,85588126,460,1879701,86679605
f8686b41f44f,28f40919fc72,20,1685280472594,38710,85588126,460,1879701,86679605
f8686b41f44f,28f40919fc72,4,1685280711308,38710,85588126,460,1879701,86679605
f8686b41f44f,28f40919fc72,18,1685280711892,38710,85588126,460,1879701,86679605
f8686b41f44f,28f40919fc72,36,1685280711998,38710,85588126,460,1879701,86679605
f8686b41f44f,28f40919fc72,20,1685280721780,38710,85588126,460,1879701,86679605
f8686b41f44f,28f40919fc72,4,1685280758544,38710,85588126,460,1879701,86679605
f8686b41f44f,28f40919fc72,2,1685280759247,38710,85588126,460,1879701,86679605
f8686b41f44f,28f40919fc72,18,1685280759250,38710,85588126,460,1879701,86679605
f8686b41f44f,28f40919fc72,36,1685280759267,38710,85588126,460,1879701,86679605
f8686b41f44f,28f40919fc72,20,1685280772170,38710,85588126,460,1879701,86679605
f8686b41f44f,28f40919fc72,2,1685280772549,38710,85588126,460,1879701,86679605
f8686b41f44f,28f40919fc72,18,1685280772551,38710,85588126,460,1879701,86679605
f8686b41f44f,28f40919fc72,36,1685280772577,38710,85588126,460,1879701,86679605
f8686b41f44f,28f40919fc72,2,1685280786428,38710,85588126,460,1879701,86679605
f8686b41f44f,28f40919fc72,18,1685280786429,38710,85588126,460,1879701,86679605
f8686b41f44f,28f40919fc72,36,1685280786448,38710,85588126,460,1879701,86679605
f8686b41f44f,28f40919fc72,39,1685280786474,38710,85588126,460,1879701,86679605
f8686b41f44f,28f40919fc72,2,1685280797477,38710,85588126,460,1879701,86679605
f8686b41f44f,28f40919fc72,18,1685280797480,38710,85588126,460,1879701,86679605
f8686b41f44f,28f40919fc72,39,1685280797538,38710,85588126,460,1879701,86679605
f8686b41f44f,28f40919fc72,2,1685280822055,38710,85588126,460,1879701,86679605
f8686b41f44f,28f40919fc72,18,1685280822058,38710,85588126,460,1879701,86679605
f8686b41f44f,28f40919fc72,36,1685280822090,38710,85588126,460,1879701,86679605
f8686b41f44f,28f40919fc72,39,1685280822118,38710,85588126,460,1879701,86679605
f8686b41f44f,28f40919fc72,20,1685280852990,38710,85588126,460,1879701,86679605
f8686b41f44f,28f40919fc72,2,1685280853488,38710,85588126,460,1879701,86679605
f8686b41f44f,28f40919fc72,18,1685280853491,38710,85588126,460,1879701,86679605
f8686b41f44f,28f40919fc72,36,1685280853519,38710,85588126,460,1879701,86679605
f8686b41f44f,28f40919fc72,39,1685280853547,38710,85588126,460,1879701,86679605
f8686b41f44f,28f40919fc72,20,1685280863448,38710,85588126,460,1879701,86679605
f8686b41f44f,28f40919fc72,4,1685280870665,38710,85588126,460,1879701,86679605
f8686b41f44f,28f40919fc72,2,1685280871888,38710,85588126,460,1879701,86679605
f8686b41f44f,28f40919fc72,18,1685280871892,38710,85588126,460,1879701,86679605
f8686b41f44f,28f40919fc72,36,1685280871918,38710,85588126,460,1879701,86679605
f8686b41f44f,28f40919fc72,4,1685280902139,38710,85588126,460,1879701,86679605
f8686b41f44f,28f40919fc72,2,1685280902608,38710,85588126,460,1879701,86679605
f8686b41f44f,28f40919fc72,18,1685280902611,38710,85588126,460,1879701,86679605
f8686b41f44f,28f40919fc72,36,1685280902638,38710,85588126,460,1879701,86679605
f8686b41f44f,28f40919fc72,39,1685280902662,38710,85588126,460,1879701,86679605
f8686b41f44f,28f40919fc72,20,1685280912553,38710,85588126,460,1879701,86679605
f8686b41f44f,28f40919fc72,4,1685281062016,38710,85588126,460,1879701,86679605
f8686b41f44f,28f40919fc72,2,1685281062608,38710,85588126,460,1879701,86679605
f8686b41f44f,28f40919fc72,36,1685281062638,38710,85588126,460,1879701,86679605
f8686b41f44f,28f40919fc72,39,1685281062662,38710,85588126,460,1879701,86679605
f8686b41f44f,28f40919fc72,20,1685281072579,38710,85588126,460,1879701,86679605
f8686b41f44f,28f40919fc72,2,1685281162447,38710,85588133,460,1879701,86679605
f8686b41f44f,28f40919fc72,39,1685281168219,38710,85588129,460,1879701,86679605
f8686b41f44f,28f40919fc72,39,1685281171209,38710,85588123,460,1879701,86679605
f8686b41f44f,28f40919fc72,20,1685281181152,38710,85588123,460,1879701,86679605
f8686b41f44f,28f40919fc72,2,1685281181629,38710,85588123,460,1879701,86679605
f8686b41f44f,28f40919fc72,18,1685281181633,38710,85588123,460,1879701,86679605
f8686b41f44f,28f40919fc72,36,1685281181658,38710,85588123,460,1879701,86679605
f8686b41f44f,28f40919fc72,39,1685281181684,38710,85588123,460,1879701,86679605
f8686b41f44f,28f40919fc72,39,1685281186860,38710,85588121,460,1879701,86679605
f8686b41f44f,28f40919fc72,20,1685281196719,38710,85588121,460,1879701,86679605
f8686b41f44f,28f40919fc72,2,1685281309656,38710,251574367,460,1879701,86679605
f8686b41f44f,28f40919fc72,18,1685281309659,38710,251574367,460,1879701,86679605
f8686b41f44f,28f40919fc72,36,1685281309679,38710,251574367,460,1879701,86679605
f8686b41f44f,28f40919fc72,39,1685281309699,38710,251574367,460,1879701,86679605
f8686b41f44f,28f40919fc72,20,1685281371643,38710,251574367,460,1879701,86679605
f8686b41f44f,28f40919fc72,4,1685281375861,38710,85715608,460,1879701,86679605
f8686b41f44f,28f40919fc72,18,1685281376349,38710,85715608,460,1879701,86679605
f8686b41f44f,28f40919fc72,36,1685281376377,38710,85715608,460,1879701,86679605
f8686b41f44f,28f40919fc72,14,1685281380957,38710,85715865,460,1879701,86679605
f8686b41f44f,28f40919fc72,39,1685281380968,38710,85715865,460,1879701,86679605
f8686b41f44f,28f40919fc72,14,1685281386058,38710,85715609,460,1879701,86679605
f8686b41f44f,28f40919fc72,39,1685281394328,38710,85715608,460,1879701,86679605
f8686b41f44f,28f40919fc72,2,1685281408247,38710,85715608,460,1879701,86679605
f8686b41f44f,28f40919fc72,18,1685281408250,38710,85715608,460,1879701,86679605
f8686b41f44f,28f40919fc72,39,1685281408303,38710,85715608,460,1879701,86679605
f8686b41f44f,28f40919fc72,14,1685281412457,38710,85052826,460,1879701,86679605
f8686b41f44f,28f40919fc72,39,1685281412469,38710,85052826,460,1879701,86679605
f8686b41f44f,28f40919fc72,20,1685281432330,38710,85052826,460,1879701,86679605
f8686b41f44f,28f40919fc72,4,1685281436055,38710,85714840,460,1879701,86679605
f8686b41f44f,28f40919fc72,18,1685281438940,38710,85714840,460,1879701,86679605
f8686b41f44f,28f40919fc72,39,1685281439018,38710,85714840,460,1879701,86679605
f8686b41f44f,28f40919fc72,14,1685281462327,38710,85715609,460,1879701,86679605
f8686b41f44f,28f40919fc72,39,1685281462336,38710,85715609,460,1879701,86679605
f8686b41f44f,28f40919fc72,14,1685281468597,38710,250615389,460,1879701,86679605
f8686b41f44f,28f40919fc72,39,1685281468605,38710,250615389,460,1879701,86679605
f8686b41f44f,28f40919fc72,14,1685281472977,38710,84942238,460,1879701,86679605
f8686b41f44f,28f40919fc72,14,1685281474929,38710,161539096,460,1879701,86679605
f8686b41f44f,28f40919fc72,39,1685281474940,38710,161539096,460,1879701,86679605
f8686b41f44f,28f40919fc72,20,1685281483736,38710,161539096,460,1879701,86679605
f8686b41f44f,28f40919fc72,4,1685281512119,38710,251574371,460,1879701,86679605
f8686b41f44f,28f40919fc72,2,1685281514456,38710,251574371,460,1879701,86679605
f8686b41f44f,28f40919fc72,18,1685281514461,38710,251574371,460,1879701,86679605
f8686b41f44f,28f40919fc72,39,1685281514503,38710,251574371,460,1879701,86679605
f8686b41f44f,28f40919fc72,20,1685281524443,38710,251574371,460,1879701,86679605
f8686b41f44f,28f40919fc72,4,1685281530801,38710,251574371,460,1879701,86679605
f8686b41f44f,28f40919fc72,2,1685281531082,38710,251574371,460,1879701,86679605
f8686b41f44f,28f40919fc72,39,1685281531128,38710,251574371,460,1879701,86679605
f8686b41f44f,28f40919fc72,20,1685281541067,38710,251574371,460,1879701,86679605
f8686b41f44f,28f40919fc72,2,1685281542036,38710,251574371,460,1879701,86679605
f8686b41f44f,28f40919fc72,18,1685281542040,38710,251574371,460,1879701,86679605
f8686b41f44f,28f40919fc72,39,1685281542085,38710,251574371,460,1879701,86679605
f8686b41f44f,28f40919fc72,2,1685281560449,38842,251587683,460,1879701,86679605
f8686b41f44f,28f40919fc72,18,1685281560453,38842,251587683,460,1879701,86679605
f8686b41f44f,28f40919fc72,36,1685281560487,38842,251587683,460,1879701,86679605
f8686b41f44f,28f40919fc72,39,1685281560509,38842,251587683,460,1879701,86679605
f8686b41f44f,28f40919fc72,5,1685281640103,38706,85078944,460,1879701,86679605
f8686b41f44f,28f40919fc72,18,1685281640165,38706,85078944,460,1879701,86679605
f8686b41f44f,28f40919fc72,36,1685281640193,38706,85078944,460,1879701,86679605
f8686b41f44f,28f40919fc72,39,1685281640218,38706,85078944,460,1879701,86679605
f8686b41f44f,28f40919fc72,39,1685281649101,38842,161665568,460,1879701,86679605
f8686b41f44f,28f40919fc72,5,1685281649129,38842,161665568,460,1879701,86679605
f8686b41f44f,28f40919fc72,5,1685281651370,38706,85078944,460,1879701,86679605
f8686b41f44f,28f40919fc72,14,1685281655557,38842,161665568,460,1879701,86679605
f8686b41f44f,28f40919fc72,14,1685281657367,38706,85078944,460,1879701,86679605
f8686b41f44f,28f40919fc72,39,1685281657377,38706,85078944,460,1879701,86679605
f8686b41f44f,28f40919fc72,5,1685281657397,38706,85078944,460,1879701,86679605
f8686b41f44f,28f40919fc72,20,1685281671216,38706,85078944,460,1879701,86679605
f8686b41f44f,28f40919fc72,5,1685281678510,38696,161610783,460,1879701,86679605
f8686b41f44f,28f40919fc72,20,1685281678594,38696,161610783,460,1879701,86679605
f8686b41f44f,28f40919fc72,2,1685281960637,38844,250744410,460,1879701,86679605
f8686b41f44f,28f40919fc72,18,1685281960640,38844,250744410,460,1879701,86679605
f8686b41f44f,28f40919fc72,36,1685281960667,38844,250744410,460,1879701,86679605
f8686b41f44f,28f40919fc72,39,1685281960737,38844,250744410,460,1879701,86679605
f8686b41f44f,28f40919fc72,14,1685281961017,38844,116852186,460,1879701,86679605
f8686b41f44f,28f40919fc72,39,1685281961027,38844,116852186,460,1879701,86679605
f8686b41f44f,28f40919fc72,14,1685281961758,38844,250744410,460,1879701,86679605
f8686b41f44f,28f40919fc72,39,1685281961768,38844,250744410,460,1879701,86679605
f8686b41f44f,28f40919fc72,39,1685281965037,38844,250744413,460,1879701,86679605
f8686b41f44f,28f40919fc72,39,1685281967852,38844,85045151,460,1879701,86679605
f8686b41f44f,28f40919fc72,20,1685281977695,38844,85045151,460,1879701,86679605
f8686b41f44f,28f40919fc72,2,1685281980047,38844,85045151,460,1879701,86679605
f8686b41f44f,28f40919fc72,18,1685281980052,38844,85045151,460,1879701,86679605
f8686b41f44f,28f40919fc72,36,1685281980078,38844,85045151,460,1879701,86679605
f8686b41f44f,28f40919fc72,39,1685281980097,38844,85045151,460,1879701,86679605
f8686b41f44f,28f40919fc72,20,1685281991942,38844,85045151,460,1879701,86679605
f8686b41f44f,28f40919fc72,5,1685282009717,38708,116701657,460,1879701,86679605
f8686b41f44f,28f40919fc72,20,1685282009796,38708,116701657,460,1879701,86679605
f8686b41f44f,28f40919fc72,5,1685282047092,38708,116701657,460,1879701,86679605
f8686b41f44f,28f40919fc72,20,1685282047185,38708,116701657,460,1879701,86679605
f8686b41f44f,28f40919fc72,2,1685282071594,38844,161486875,460,1879701,86679605
f8686b41f44f,28f40919fc72,18,1685282071597,38844,161486875,460,1879701,86679605
f8686b41f44f,28f40919fc72,36,1685282071632,38844,161486875,460,1879701,86679605
f8686b41f44f,28f40919fc72,39,1685282071654,38844,161486875,460,1879701,86679605
f8686b41f44f,28f40919fc72,14,1685282071982,38708,85168284,460,1879701,86679605
f8686b41f44f,28f40919fc72,39,1685282071992,38708,85168284,460,1879701,86679605
f8686b41f44f,28f40919fc72,5,1685282072018,38708,85168284,460,1879701,86679605
f8686b41f44f,28f40919fc72,20,1685282083934,38708,85168284,460,1879701,86679605
f8686b41f44f,28f40919fc72,4,1685282100720,38708,84965528,460,1879701,86679605
f8686b41f44f,28f40919fc72,2,1685282102937,38708,84965528,460,1879701,86679605
f8686b41f44f,28f40919fc72,18,1685282102941,38708,84965528,460,1879701,86679605
f8686b41f44f,28f40919fc72,36,1685282102967,38708,84965528,460,1879701,86679605
f8686b41f44f,28f40919fc72,39,1685282102987,38708,84965528,460,1879701,86679605
f8686b41f44f,28f40919fc72,20,1685282112891,38708,84965528,460,1879701,86679605
f8686b41f44f,28f40919fc72,4,1685282203854,38708,85021604,460,1879701,86679605
f8686b41f44f,28f40919fc72,2,1685282205967,38708,85021604,460,1879701,86679605
f8686b41f44f,28f40919fc72,18,1685282205971,38708,85021604,460,1879701,86679605
f8686b41f44f,28f40919fc72,36,1685282205998,38708,85021604,460,1879701,86679605
f8686b41f44f,28f40919fc72,39,1685282206032,38708,85021604,460,1879701,86679605
f8686b41f44f,28f40919fc72,20,1685282217900,38708,85021604,460,1879701,86679605
f8686b41f44f,28f40919fc72,2,1685282260097,38708,161587236,460,1879701,86679605
f8686b41f44f,28f40919fc72,18,1685282260099,38708,161587236,460,1879701,86679605
f8686b41f44f,28f40919fc72,36,1685282260132,38708,161587236,460,1879701,86679605
f8686b41f44f,28f40919fc72,39,1685282260157,38708,161587236,460,1879701,86679605
f8686b41f44f,28f40919fc72,39,1685282261966,38708,116710872,460,1879701,86679605
f8686b41f44f,28f40919fc72,39,1685282265607,38708,116710875,460,1879701,86679605
f8686b41f44f,28f40919fc72,39,1685282267317,38708,116710872,460,1879701,86679605
f8686b41f44f,28f40919fc72,14,1685282269227,38708,116699097,460,1879701,86679605
f8686b41f44f,28f40919fc72,39,1685282269236,38708,116699097,460,1879701,86679605
f8686b41f44f,28f40919fc72,14,1685282282276,38708,116710875,460,1879701,86679605
f8686b41f44f,28f40919fc72,39,1685282282285,38708,116710875,460,1879701,86679605
f8686b41f44f,28f40919fc72,14,1685282282697,38708,116409974,460,1879701,86679605
f8686b41f44f,28f40919fc72,39,1685282282707,38708,116409974,460,1879701,86679605
f8686b41f44f,28f40919fc72,20,1685282302608,38708,116409974,460,1879701,86679605
f8686b41f44f,28f40919fc72,4,1685282312486,38708,116409976,460,1879701,86679605
f8686b41f44f,28f40919fc72,2,1685282313167,38708,116409976,460,1879701,86679605
f8686b41f44f,28f40919fc72,18,1685282313171,38708,116409976,460,1879701,86679605
f8686b41f44f,28f40919fc72,36,1685282313197,38708,116409976,460,1879701,86679605
f8686b41f44f,28f40919fc72,39,1685282313217,38708,116409976,460,1879701,86679605
f8686b41f44f,28f40919fc72,14,1685282324957,38708,116669146,460,1879701,86679605
f8686b41f44f,28f40919fc72,39,1685282324968,38708,116669146,460,1879701,86679605
f8686b41f44f,28f40919fc72,14,1685282327347,38708,116710875,460,1879701,86679605
f8686b41f44f,28f40919fc72,39,1685282327355,38708,116710875,460,1879701,86679605
f8686b41f44f,28f40919fc72,14,1685282328197,38708,116409976,460,1879701,86679605
f8686b41f44f,28f40919fc72,39,1685282328206,38708,116409976,460,1879701,86679605
f8686b41f44f,28f40919fc72,14,1685282328967,38708,116410842,460,1879701,86679605
f8686b41f44f,28f40919fc72,20,1685282342914,38708,116410842,460,1879701,86679605
f8686b41f44f,28f40919fc72,4,1685282404263,38708,250716760,460,1879701,86679605
f8686b41f44f,28f40919fc72,2,1685282406622,38708,250716760,460,1879701,86679605
f8686b41f44f,28f40919fc72,18,1685282406624,38708,250716760,460,1879701,86679605
f8686b41f44f,28f40919fc72,36,1685282406657,38708,250716760,460,1879701,86679605
f8686b41f44f,28f40919fc72,39,1685282406682,38708,250716760,460,1879701,86679605
f8686b41f44f,28f40919fc72,39,1685282412697,38708,250716763,460,1879701,86679605
f8686b41f44f,28f40919fc72,14,1685282414077,38708,116410842,460,1879701,86679605
f8686b41f44f,28f40919fc72,39,1685282414086,38708,116410842,460,1879701,86679605
f8686b41f44f,28f40919fc72,14,1685282417507,38708,85574558,460,1879701,86679605
f8686b41f44f,28f40919fc72,39,1685282417518,38708,85574558,460,1879701,86679605
f8686b41f44f,28f40919fc72,20,1685282427406,38708,85574558,460,1879701,86679605
f8686b41f44f,28f40919fc72,5,1685282452902,38699,85528095,460,1879701,86679605
f8686b41f44f,28f40919fc72,20,1685282452930,38699,85528095,460,1879701,86679605
f8686b41f44f,28f40919fc72,2,1685282560672,38699,85048606,460,1879701,86679605
f8686b41f44f,28f40919fc72,18,1685282560676,38699,85048606,460,1879701,86679605
f8686b41f44f,28f40919fc72,36,1685282560697,38699,85048606,460,1879701,86679605
f8686b41f44f,28f40919fc72,39,1685282560723,38699,85048606,460,1879701,86679605
f8686b41f44f,28f40919fc72,14,1685282571737,38699,250710624,460,1879701,86679605
f8686b41f44f,28f40919fc72,39,1685282571749,38699,250710624,460,1879701,86679605
f8686b41f44f,28f40919fc72,20,1685282581632,38699,250710624,460,1879701,86679605
f8686b41f44f,28f40919fc72,2,1685282581952,38699,250710624,460,1879701,86679605
f8686b41f44f,28f40919fc72,18,1685282581955,38699,250710624,460,1879701,86679605
f8686b41f44f,28f40919fc72,36,1685282581982,38699,250710624,460,1879701,86679605
f8686b41f44f,28f40919fc72,39,1685282588468,38699,250710623,460,1879701,86679605
f8686b41f44f,28f40919fc72,20,1685282598346,38699,250710623,460,1879701,86679605
f8686b41f44f,28f40919fc72,18,1685282598710,38699,250710623,460,1879701,86679605
f8686b41f44f,28f40919fc72,36,1685282598747,38699,250710623,460,1879701,86679605
f8686b41f44f,28f40919fc72,39,1685282598792,38699,250710623,460,1879701,86679605
f8686b41f44f,28f40919fc72,20,1685282608655,38699,250710623,460,1879701,86679605
f8686b41f44f,28f40919fc72,4,1685282659302,38699,250710623,460,1879701,86679605
f8686b41f44f,28f40919fc72,2,1685282660067,38699,250710623,460,1879701,86679605
f8686b41f44f,28f40919fc72,18,1685282660070,38699,250710623,460,1879701,86679605
f8686b41f44f,28f40919fc72,36,1685282660097,38699,250710623,460,1879701,86679605
f8686b41f44f,28f40919fc72,39,1685282660142,38699,250710623,460,1879701,86679605
f8686b41f44f,28f40919fc72,39,1685282665654,38699,250710624,460,1879701,86679605
f8686b41f44f,28f40919fc72,20,1685282675537,38699,250710624,460,1879701,86679605
f8686b41f44f,28f40919fc72,2,1685282787691,38699,161869337,460,1879701,86679605
f8686b41f44f,28f40919fc72,18,1685282787694,38699,161869337,460,1879701,86679605
f8686b41f44f,28f40919fc72,36,1685282787727,38699,161869337,460,1879701,86679605
f8686b41f44f,28f40919fc72,39,1685282787752,38699,161869337,460,1879701,86679605
f8686b41f44f,28f40919fc72,20,1685282801619,38699,161869337,460,1879701,86679605
f8686b41f44f,28f40919fc72,2,1685282860627,38699,161869337,460,1879701,86679605
f8686b41f44f,28f40919fc72,18,1685282860629,38699,161869337,460,1879701,86679605
f8686b41f44f,28f40919fc72,36,1685282860662,38699,161869337,460,1879701,86679605
f8686b41f44f,28f40919fc72,39,1685282860697,38699,161869337,460,1879701,86679605
f8686b41f44f,28f40919fc72,39,1685282878417,38699,161869338,460,1879701,86679605
f8686b41f44f,28f40919fc72,36,1685282892616,38699,161869338,460,1879701,86679605
f8686b41f44f,28f40919fc72,39,1685282892653,38699,161869338,460,1879701,86679605
f8686b41f44f,28f40919fc72,20,1685282906492,38699,161869338,460,1879701,86679605
f8686b41f44f,28f40919fc72,2,1685283119731,38699,161869338,460,1879701,86679605
f8686b41f44f,28f40919fc72,18,1685283119736,38699,161869338,460,1879701,86679605
f8686b41f44f,28f40919fc72,36,1685283119771,38699,161869338,460,1879701,86679605
f8686b41f44f,28f40919fc72,14,1685283139106,38699,85136025,460,1879701,86679605
f8686b41f44f,28f40919fc72,39,1685283139116,38699,85136025,460,1879701,86679605
f8686b41f44f,28f40919fc72,14,1685283140026,38699,161869338,460,1879701,86679605
f8686b41f44f,28f40919fc72,39,1685283151496,38699,85136025,460,1879701,86679605
f8686b41f44f,28f40919fc72,14,1685283162877,38699,161481504,460,1879701,86679605
f8686b41f44f,28f40919fc72,39,1685283162890,38699,161481504,460,1879701,86679605
f8686b41f44f,28f40919fc72,20,1685283208803,38699,161481504,460,1879701,86679605
f8686b41f44f,28f40919fc72,2,1685283208977,38699,161481504,460,1879701,86679605
f8686b41f44f,28f40919fc72,18,1685283208980,38699,161481504,460,1879701,86679605
f8686b41f44f,28f40919fc72,36,1685283209007,38699,161481504,460,1879701,86679605
f8686b41f44f,28f40919fc72,39,1685283209053,38699,161481504,460,1879701,86679605
f8686b41f44f,28f40919fc72,20,1685283218951,38699,161481504,460,1879701,86679605
f8686b41f44f,28f40919fc72,4,1685283316729,38699,161869341,460,1879701,86679605
f8686b41f44f,28f40919fc72,2,1685283319256,38699,161869341,460,1879701,86679605
f8686b41f44f,28f40919fc72,36,1685283319316,38699,161869341,460,1879701,86679605
f8686b41f44f,28f40919fc72,39,1685283319357,38699,161869341,460,1879701,86679605
f8686b41f44f,28f40919fc72,14,1685283321998,38699,161481498,460,1879701,86679605
f8686b41f44f,28f40919fc72,39,1685283322008,38699,161481498,460,1879701,86679605
f8686b41f44f,28f40919fc72,20,1685283331880,38699,161481498,460,1879701,86679605
f8686b41f44f,28f40919fc72,2,1685283369536,38699,161738266,460,1879701,86679605
f8686b41f44f,28f40919fc72,18,1685283369541,38699,161738266,460,1879701,86679605
f8686b41f44f,28f40919fc72,36,1685283369566,38699,161738266,460,1879701,86679605
f8686b41f44f,28f40919fc72,39,1685283369591,38699,161738266,460,1879701,86679605
f8686b41f44f,28f40919fc72,20,1685283381458,38699,161738266,460,1879701,86679605
f8686b41f44f,28f40919fc72,2,1685283382136,38699,161738266,460,1879701,86679605
f8686b41f44f,28f40919fc72,18,1685283382140,38699,161738266,460,1879701,86679605
f8686b41f44f,28f40919fc72,36,1685283382166,38699,161738266,460,1879701,86679605
f8686b41f44f,28f40919fc72,39,1685283382207,38699,161738266,460,1879701,86679605
f8686b41f44f,28f40919fc72,20,1685283392086,38699,161738266,460,1879701,86679605
f8686b41f44f,28f40919fc72,4,1685283437289,38699,161738266,460,1879701,86679605
f8686b41f44f,28f40919fc72,2,1685283438286,38699,161738266,460,1879701,86679605
f8686b41f44f,28f40919fc72,18,1685283438290,38699,161738266,460,1879701,86679605
f8686b41f44f,28f40919fc72,36,1685283438316,38699,161738266,460,1879701,86679605
f8686b41f44f,28f40919fc72,39,1685283438347,38699,161738266,460,1879701,86679605
f8686b41f44f,28f40919fc72,20,1685283456220,38699,161738266,460,1879701,86679605
f8686b41f44f,28f40919fc72,2,1685283457846,38699,161738266,460,1879701,86679605
f8686b41f44f,28f40919fc72,36,1685283457871,38699,161738266,460,1879701,86679605
f8686b41f44f,28f40919fc72,39,1685283457896,38699,161738266,460,1879701,86679605
f8686b41f44f,28f40919fc72,18,1685283580685,38699,161869338,460,1879701,86679605
f8686b41f44f,28f40919fc72,36,1685283580716,38699,161869338,460,1879701,86679605
f8686b41f44f,28f40919fc72,20,1685283590640,38699,161869338,460,1879701,86679605
f8686b41f44f,28f40919fc72,2,1685283674077,38699,161481504,460,1879701,86679605
f8686b41f44f,28f40919fc72,18,1685283674081,38699,161481504,460,1879701,86679605
f8686b41f44f,28f40919fc72,39,1685283674148,38699,161481504,460,1879701,86679605
f8686b41f44f,28f40919fc72,14,1685283677770,38699,116456676,460,1879701,86679605
f8686b41f44f,28f40919fc72,39,1685283677782,38699,116456676,460,1879701,86679605
f8686b41f44f,28f40919fc72,20,1685283687722,38699,116456676,460,1879701,86679605
f8686b41f44f,28f40919fc72,4,1685283711255,38699,116456666,460,1879701,86679605
f8686b41f44f,28f40919fc72,2,1685283712201,38699,116456666,460,1879701,86679605
f8686b41f44f,28f40919fc72,18,1685283712205,38699,116456666,460,1879701,86679605
f8686b41f44f,28f40919fc72,36,1685283712232,38699,116456666,460,1879701,86679605
f8686b41f44f,28f40919fc72,39,1685283712257,38699,116456666,460,1879701,86679605
f8686b41f44f,28f40919fc72,14,1685283716366,38699,85197977,460,1879701,86679605
f8686b41f44f,28f40919fc72,39,1685283716377,38699,85197977,460,1879701,86679605
f8686b41f44f,28f40919fc72,14,1685283719525,38699,116456676,460,1879701,86679605
f8686b41f44f,28f40919fc72,39,1685283719536,38699,116456676,460,1879701,86679605
f8686b41f44f,28f40919fc72,14,1685283724901,38699,161481501,460,1879701,86679605
f8686b41f44f,28f40919fc72,20,1685283734854,38699,161481501,460,1879701,86679605
f8686b41f44f,28f40919fc72,4,1685283758205,38699,116456676,460,1879701,86679605
f8686b41f44f,28f40919fc72,2,1685283758611,38699,116456676,460,1879701,86679605
f8686b41f44f,28f40919fc72,18,1685283758613,38699,116456676,460,1879701,86679605
f8686b41f44f,28f40919fc72,36,1685283758638,38699,116456676,460,1879701,86679605
f8686b41f44f,28f40919fc72,39,1685283758662,38699,116456676,460,1879701,86679605
f8686b41f44f,28f40919fc72,20,1685283770597,38699,116456676,460,1879701,86679605
f8686b41f44f,28f40919fc72,2,1685283770836,38699,116456676,460,1879701,86679605
f8686b41f44f,28f40919fc72,18,1685283770838,38699,116456676,460,1879701,86679605
f8686b41f44f,28f40919fc72,36,1685283770867,38699,116456676,460,1879701,86679605
f8686b41f44f,28f40919fc72,39,1685283770891,38699,116456676,460,1879701,86679605
f8686b41f44f,28f40919fc72,2,1685283831256,38699,116411099,460,1879701,86679605
f8686b41f44f,28f40919fc72,18,1685283831261,38699,116411099,460,1879701,86679605
f8686b41f44f,28f40919fc72,36,1685283831286,38699,116411099,460,1879701,86679605
f8686b41f44f,28f40919fc72,39,1685283831322,38699,116411099,460,1879701,86679605
f8686b41f44f,28f40919fc72,2,1685284059696,38699,116411099,460,1879701,86679605
f8686b41f44f,28f40919fc72,18,1685284059699,38699,116411099,460,1879701,86679605
f8686b41f44f,28f40919fc72,36,1685284059721,38699,116411099,460,1879701,86679605
f8686b41f44f,28f40919fc72,39,1685284059746,38699,116411099,460,1879701,86679605
f8686b41f44f,28f40919fc72,20,1685284076636,38699,116411099,460,1879701,86679605
f8686b41f44f,28f40919fc72,18,1685284120550,38699,116411099,460,1879701,86679605
f8686b41f44f,28f40919fc72,39,1685284120611,38699,116411099,460,1879701,86679605
f8686b41f44f,28f40919fc72,2,1685284130946,38699,116411099,460,1879701,86679605
f8686b41f44f,28f40919fc72,18,1685284130950,38699,116411099,460,1879701,86679605
f8686b41f44f,28f40919fc72,36,1685284130976,38699,116411099,460,1879701,86679605
f8686b41f44f,28f40919fc72,20,1685284150914,38699,116411099,460,1879701,86679605
f8686b41f44f,28f40919fc72,2,1685284189661,38699,116411099,460,1879701,86679605
f8686b41f44f,28f40919fc72,18,1685284189665,38699,116411099,460,1879701,86679605
f8686b41f44f,28f40919fc72,36,1685284189686,38699,116411099,460,1879701,86679605
f8686b41f44f,28f40919fc72,39,1685284189726,38699,116411099,460,1879701,86679605
f8686b41f44f,28f40919fc72,14,1685284196406,38699,161869341,460,1879701,86679605
f8686b41f44f,28f40919fc72,39,1685284196415,38699,161869341,460,1879701,86679605
f8686b41f44f,28f40919fc72,14,1685284197446,38699,116411099,460,1879701,86679605
f8686b41f44f,28f40919fc72,39,1685284197454,38699,116411099,460,1879701,86679605
f8686b41f44f,28f40919fc72,20,1685284207374,38699,116411099,460,1879701,86679605
f8686b41f44f,28f40919fc72,2,1685284341991,38699,161869341,460,1879701,86679605
f8686b41f44f,28f40919fc72,18,1685284341997,38699,161869341,460,1879701,86679605
f8686b41f44f,28f40919fc72,39,1685284342072,38699,161869341,460,1879701,86679605
f8686b41f44f,28f40919fc72,14,1685284344905,38699,116456676,460,1879701,86679605
f8686b41f44f,28f40919fc72,39,1685284344916,38699,116456676,460,1879701,86679605
f8686b41f44f,28f40919fc72,20,1685284354859,38699,116456676,460,1879701,86679605
f8686b41f44f,28f40919fc72,2,1685284357737,38699,161481504,460,1879701,86679605
f8686b41f44f,28f40919fc72,18,1685284357741,38699,161481504,460,1879701,86679605
f8686b41f44f,28f40919fc72,36,1685284357767,38699,161481504,460,1879701,86679605
f8686b41f44f,28f40919fc72,39,1685284357811,38699,161481504,460,1879701,86679605
f8686b41f44f,28f40919fc72,20,1685284370623,38699,161481504,460,1879701,86679605
f8686b41f44f,28f40919fc72,18,1685284372920,38699,161869341,460,1879701,86679605
f8686b41f44f,28f40919fc72,36,1685284372971,38699,161869341,460,1879701,86679605
f8686b41f44f,28f40919fc72,39,1685284372996,38699,161869341,460,1879701,86679605
f8686b41f44f,28f40919fc72,39,1685284376212,38699,116456676,460,1879701,86679605
f8686b41f44f,28f40919fc72,20,1685284386154,38699,116456676,460,1879701,86679605
f8686b41f44f,28f40919fc72,4,1685284418489,38699,161869341,460,1879701,86679605
f8686b41f44f,28f40919fc72,2,1685284421356,38699,161869341,460,1879701,86679605
f8686b41f44f,28f40919fc72,18,1685284421359,38699,161869341,460,1879701,86679605
f8686b41f44f,28f40919fc72,36,1685284421446,38699,161869341,460,1879701,86679605
f8686b41f44f,28f40919fc72,39,1685284421476,38699,161869341,460,1879701,86679605
f8686b41f44f,28f40919fc72,20,1685284433309,38699,161869341,460,1879701,86679605
f8686b41f44f,28f40919fc72,4,1685284457996,38699,161869341,460,1879701,86679605
f8686b41f44f,28f40919fc72,2,1685284458477,38699,161869341,460,1879701,86679605
f8686b41f44f,28f40919fc72,36,1685284458541,38699,161869341,460,1879701,86679605
f8686b41f44f,28f40919fc72,39,1685284458576,38699,161869341,460,1879701,86679605
f8686b41f44f,28f40919fc72,14,1685284460420,38699,116456676,460,1879701,86679605
f8686b41f44f,28f40919fc72,39,1685284460432,38699,116456676,460,1879701,86679605
f8686b41f44f,28f40919fc72,20,1685284470373,38699,116456676,460,1879701,86679605
f8686b41f44f,28f40919fc72,4,1685284601841,38699,161869341,460,1879701,86679605
f8686b41f44f,28f40919fc72,2,1685284603111,38699,161869341,460,1879701,86679605
f8686b41f44f,28f40919fc72,18,1685284603114,38699,161869341,460,1879701,86679605
f8686b41f44f,28f40919fc72,36,1685284603151,38699,161869341,460,1879701,86679605
f8686b41f44f,28f40919fc72,39,1685284603181,38699,161869341,460,1879701,86679605
f8686b41f44f,28f40919fc72,14,1685284605897,38699,116456666,460,1879701,86679605
f8686b41f44f,28f40919fc72,39,1685284605907,38699,116456666,460,1879701,86679605
f8686b41f44f,28f40919fc72,20,1685284615805,38699,116456666,460,1879701,86679605
f8686b41f44f,28f40919fc72,4,1685284658303,38699,161869341,460,1879701,86679605
f8686b41f44f,28f40919fc72,2,1685284658631,38699,161869341,460,1879701,86679605
f8686b41f44f,28f40919fc72,18,1685284658634,38699,161869341,460,1879701,86679605
f8686b41f44f,28f40919fc72,36,1685284658686,38699,161869341,460,1879701,86679605
f8686b41f44f,28f40919fc72,39,1685284658711,38699,161869341,460,1879701,86679605
f8686b41f44f,28f40919fc72,14,1685284659836,38699,116456676,460,1879701,86679605
f8686b41f44f,28f40919fc72,39,1685284659847,38699,116456676,460,1879701,86679605
f8686b41f44f,28f40919fc72,20,1685284669789,38699,116456676,460,1879701,86679605
f8686b41f44f,28f40919fc72,4,1685284959359,38699,161869341,460,1879701,86679605
f8686b41f44f,28f40919fc72,2,1685284959626,38699,161869341,460,1879701,86679605
f8686b41f44f,28f40919fc72,18,1685284959629,38699,161869341,460,1879701,86679605
f8686b41f44f,28f40919fc72,36,1685284959666,38699,161869341,460,1879701,86679605
f8686b41f44f,28f40919fc72,39,1685284959696,38699,161869341,460,1879701,86679605
f8686b41f44f,28f40919fc72,39,1685284961317,38699,116456666,460,1879701,86679605
f8686b41f44f,28f40919fc72,20,1685284971200,38699,116456666,460,1879701,86679605
f8686b41f44f,28f40919fc72,4,1685285003926,38699,161869341,460,1879701,86679605
f8686b41f44f,28f40919fc72,2,1685285006326,38699,161869341,460,1879701,86679605
f8686b41f44f,28f40919fc72,18,1685285006330,38699,161869341,460,1879701,86679605
f8686b41f44f,28f40919fc72,36,1685285006382,38699,161869341,460,1879701,86679605
f8686b41f44f,28f40919fc72,39,1685285006412,38699,161869341,460,1879701,86679605
f8686b41f44f,28f40919fc72,14,1685285007876,38699,116456671,460,1879701,86679605
f8686b41f44f,28f40919fc72,39,1685285007887,38699,116456671,460,1879701,86679605
f8686b41f44f,28f40919fc72,20,1685285020768,38699,116456671,460,1879701,86679605
f8686b41f44f,28f40919fc72,2,1685285039726,38699,116456671,460,1879701,86679605
f8686b41f44f,28f40919fc72,18,1685285039729,38699,116456671,460,1879701,86679605
f8686b41f44f,28f40919fc72,36,1685285039757,38699,116456671,460,1879701,86679605
f8686b41f44f,28f40919fc72,39,1685285039782,38699,116456671,460,1879701,86679605
f8686b41f44f,28f40919fc72,20,1685285049614,38699,116456671,460,1879701,86679605
f8686b41f44f,28f40919fc72,2,1685285258586,38699,116456671,460,1879701,86679605
f8686b41f44f,28f40919fc72,18,1685285258589,38699,116456671,460,1879701,86679605
f8686b41f44f,28f40919fc72,36,1685285258639,38699,116456671,460,1879701,86679605
f8686b41f44f,28f40919fc72,39,1685285258662,38699,116456671,460,1879701,86679605
f8686b41f44f,28f40919fc72,20,1685285282488,38699,116456671,460,1879701,86679605
f8686b41f44f,28f40919fc72,4,1685285319073,38699,116456671,460,1879701,86679605
f8686b41f44f,28f40919fc72,2,1685285319907,38699,116456671,460,1879701,86679605
f8686b41f44f,28f40919fc72,18,1685285319910,38699,116456671,460,1879701,86679605
f8686b41f44f,28f40919fc72,36,1685285319937,38699,116456671,460,1879701,86679605
f8686b41f44f,28f40919fc72,39,1685285319966,38699,116456671,460,1879701,86679605
f8686b41f44f,28f40919fc72,20,1685285329808,38699,116456671,460,1879701,86679605
f8686b41f44f,28f40919fc72,4,1685285331858,38699,116456671,460,1879701,86679605
f8686b41f44f,28f40919fc72,2,1685285332694,38699,116456671,460,1879701,86679605
f8686b41f44f,28f40919fc72,36,1685285332730,38699,116456671,460,1879701,86679605
f8686b41f44f,28f40919fc72,39,1685285332764,38699,116456671,460,1879701,86679605
f8686b41f44f,28f40919fc72,20,1685285352594,38699,116456671,460,1879701,86679605
f8686b41f44f,28f40919fc72,2,1685285385441,38699,116456671,460,1879701,86679605
f8686b41f44f,28f40919fc72,18,1685285385445,38699,116456671,460,1879701,86679605
f8686b41f44f,28f40919fc72,36,1685285385472,38699,116456671,460,1879701,86679605
f8686b41f44f,28f40919fc72,39,1685285385496,38699,116456671,460,1879701,86679605
f8686b41f44f,28f40919fc72,20,1685285395369,38699,116456671,460,1879701,86679605
f8686b41f44f,28f40919fc72,2,1685285441836,38699,116456671,460,1879701,86679605
f8686b41f44f,28f40919fc72,18,1685285441840,38699,116456671,460,1879701,86679605
f8686b41f44f,28f40919fc72,36,1685285441866,38699,116456671,460,1879701,86679605
f8686b41f44f,28f40919fc72,39,1685285441898,38699,116456671,460,1879701,86679605
f8686b41f44f,28f40919fc72,20,1685285451738,38699,116456671,460,1879701,86679605
f8686b41f44f,28f40919fc72,4,1685285501950,38699,116456671,460,1879701,86679605
f8686b41f44f,28f40919fc72,2,1685285502946,38699,116456671,460,1879701,86679605
f8686b41f44f,28f40919fc72,18,1685285502950,38699,116456671,460,1879701,86679605
f8686b41f44f,28f40919fc72,39,1685285503002,38699,116456671,460,1879701,86679605
f8686b41f44f,28f40919fc72,20,1685285517925,38699,116456671,460,1879701,86679605
f8686b41f44f,28f40919fc72,18,1685285542296,38699,116456671,460,1879701,86679605
f8686b41f44f,28f40919fc72,36,1685285542322,38699,116456671,460,1879701,86679605
f8686b41f44f,28f40919fc72,39,1685285542352,38699,116456671,460,1879701,86679605
f8686b41f44f,28f40919fc72,2,1685285555156,38699,116456671,460,1879701,86679605
f8686b41f44f,28f40919fc72,18,1685285555158,38699,116456671,460,1879701,86679605
f8686b41f44f,28f40919fc72,36,1685285555187,38699,116456671,460,1879701,86679605
f8686b41f44f,28f40919fc72,39,1685285555217,38699,116456671,460,1879701,86679605
f8686b41f44f,28f40919fc72,20,1685285570104,38699,116456671,460,1879701,86679605
f8686b41f44f,28f40919fc72,2,1685285570617,38699,116456671,460,1879701,86679605
f8686b41f44f,28f40919fc72,18,1685285570621,38699,116456671,460,1879701,86679605
f8686b41f44f,28f40919fc72,36,1685285570647,38699,116456671,460,1879701,86679605
f8686b41f44f,28f40919fc72,39,1685285570678,38699,116456671,460,1879701,86679605
f8686b41f44f,28f40919fc72,20,1685285582560,38699,116456671,460,1879701,86679605
f8686b41f44f,28f40919fc72,4,1685285631545,38699,116456671,460,1879701,86679605
f8686b41f44f,28f40919fc72,2,1685285632237,38699,116456671,460,1879701,86679605
f8686b41f44f,28f40919fc72,18,1685285632240,38699,116456671,460,1879701,86679605
f8686b41f44f,28f40919fc72,36,1685285632267,38699,116456671,460,1879701,86679605
f8686b41f44f,28f40919fc72,39,1685285632293,38699,116456671,460,1879701,86679605
f8686b41f44f,28f40919fc72,20,1685285646204,38699,116456671,460,1879701,86679605
f8686b41f44f,28f40919fc72,2,1685285688547,38699,116456671,460,1879701,86679605
f8686b41f44f,28f40919fc72,18,1685285688550,38699,116456671,460,1879701,86679605
f8686b41f44f,28f40919fc72,36,1685285688577,38699,116456671,460,1879701,86679605
f8686b41f44f,28f40919fc72,39,1685285688602,38699,116456671,460,1879701,86679605
f8686b41f44f,28f40919fc72,20,1685285700445,38699,116456671,460,1879701,86679605
f8686b41f44f,28f40919fc72,2,1685285701747,38699,116456671,460,1879701,86679605
f8686b41f44f,28f40919fc72,18,1685285701750,38699,116456671,460,1879701,86679605
f8686b41f44f,28f40919fc72,36,1685285701777,38699,116456671,460,1879701,86679605
f8686b41f44f,28f40919fc72,39,1685285701807,38699,116456671,460,1879701,86679605
f8686b41f44f,28f40919fc72,20,1685285711683,38699,116456671,460,1879701,86679605
f8686b41f44f,28f40919fc72,2,1685285712175,38699,116456671,460,1879701,86679605
f8686b41f44f,28f40919fc72,18,1685285712177,38699,116456671,460,1879701,86679605
f8686b41f44f,28f40919fc72,36,1685285712202,38699,116456671,460,1879701,86679605
f8686b41f44f,28f40919fc72,39,1685285712227,38699,116456671,460,1879701,86679605
f8686b41f44f,28f40919fc72,20,1685285722093,38699,116456671,460,1879701,86679605
f8686b41f44f,28f40919fc72,4,1685285749440,38699,116456671,460,1879701,86679605
f8686b41f44f,28f40919fc72,2,1685285749986,38699,116456671,460,1879701,86679605
f8686b41f44f,28f40919fc72,18,1685285749990,38699,116456671,460,1879701,86679605
f8686b41f44f,28f40919fc72,36,1685285750017,38699,116456671,460,1879701,86679605
f8686b41f44f,28f40919fc72,39,1685285750046,38699,116456671,460,1879701,86679605
f8686b41f44f,28f40919fc72,4,1685285858431,38699,116456671,460,1879701,86679605
f8686b41f44f,28f40919fc72,2,1685285858787,38699,116456671,460,1879701,86679605
f8686b41f44f,28f40919fc72,36,1685285858817,38699,116456671,460,1879701,86679605
f8686b41f44f,28f40919fc72,39,1685285858847,38699,116456671,460,1879701,86679605
f8686b41f44f,28f40919fc72,20,1685285868702,38699,116456671,460,1879701,86679605
f8686b41f44f,28f40919fc72,2,1685285869207,38699,116456671,460,1879701,86679605
f8686b41f44f,28f40919fc72,18,1685285869209,38699,116456671,460,1879701,86679605
f8686b41f44f,28f40919fc72,36,1685285869237,38699,116456671,460,1879701,86679605
f8686b41f44f,28f40919fc72,39,1685285869261,38699,116456671,460,1879701,86679605
f8686b41f44f,28f40919fc72,20,1685285881153,38699,116456671,460,1879701,86679605
f8686b41f44f,28f40919fc72,2,1685285919676,38699,116456671,460,1879701,86679605
f8686b41f44f,28f40919fc72,18,1685285919679,38699,116456671,460,1879701,86679605
f8686b41f44f,28f40919fc72,36,1685285919708,38699,116456671,460,1879701,86679605
f8686b41f44f,28f40919fc72,39,1685285919737,38699,116456671,460,1879701,86679605
f8686b41f44f,28f40919fc72,20,1685285929648,38699,116456671,460,1879701,86679605
f8686b41f44f,28f40919fc72,2,1685286070907,38699,161481504,460,1879701,86679605
f8686b41f44f,28f40919fc72,18,1685286070910,38699,161481504,460,1879701,86679605
f8686b41f44f,28f40919fc72,36,1685286070937,38699,161481504,460,1879701,86679605
f8686b41f44f,28f40919fc72,14,1685286294067,38699,161869341,460,1879701,86679605
f8686b41f44f,28f40919fc72,39,1685286294077,38699,161869341,460,1879701,86679605
f8686b41f44f,28f40919fc72,14,1685286295209,38699,116456676,460,1879701,86679605
f8686b41f44f,28f40919fc72,39,1685286295220,38699,116456676,460,1879701,86679605
f8686b41f44f,28f40919fc72,14,1685286613866,38699,161869338,460,1879701,86679605
f8686b41f44f,28f40919fc72,39,1685286613875,38699,161869338,460,1879701,86679605
f8686b41f44f,28f40919fc72,14,1685286616606,38699,161481504,460,1879701,86679605
f8686b41f44f,28f40919fc72,14,1685286688116,38699,161869341,460,1879701,86679605
f8686b41f44f,28f40919fc72,39,1685286688127,38699,161869341,460,1879701,86679605
f8686b41f44f,28f40919fc72,14,1685286689597,38699,116456666,460,1879701,86679605
f8686b41f44f,28f40919fc72,39,1685286689607,38699,116456666,460,1879701,86679605
f8686b41f44f,28f40919fc72,2,1685286979632,38699,116456666,460,1879701,86679605
f8686b41f44f,28f40919fc72,18,1685286979634,38699,116456666,460,1879701,86679605
f8686b41f44f,28f40919fc72,39,1685286979698,38699,116456666,460,1879701,86679605
f8686b41f44f,28f40919fc72,20,1685286989538,38699,116456666,460,1879701,86679605
f8686b41f44f,28f40919fc72,4,1685287054461,38699,161869341,460,1879701,86679605
f8686b41f44f,28f40919fc72,2,1685287056866,38699,161869341,460,1879701,86679605
f8686b41f44f,28f40919fc72,18,1685287056870,38699,161869341,460,1879701,86679605
f8686b41f44f,28f40919fc72,36,1685287056911,38699,161869341,460,1879701,86679605
f8686b41f44f,28f40919fc72,39,1685287056941,38699,161869341,460,1879701,86679605
f8686b41f44f,28f40919fc72,14,1685287059657,38699,116456666,460,1879701,86679605
f8686b41f44f,28f40919fc72,39,1685287059668,38699,116456666,460,1879701,86679605
f8686b41f44f,28f40919fc72,20,1685287069518,38699,116456666,460,1879701,86679605
f8686b41f44f,28f40919fc72,2,1685287113157,38699,161869338,460,1879701,86679605
f8686b41f44f,28f40919fc72,18,1685287113161,38699,161869338,460,1879701,86679605
f8686b41f44f,28f40919fc72,36,1685287113191,38699,161869338,460,1879701,86679605
f8686b41f44f,28f40919fc72,39,1685287113221,38699,161869338,460,1879701,86679605
f8686b41f44f,28f40919fc72,14,1685287115787,38699,161481504,460,1879701,86679605
f8686b41f44f,28f40919fc72,39,1685287115797,38699,161481504,460,1879701,86679605
f8686b41f44f,28f40919fc72,20,1685287128672,38699,161481504,460,1879701,86679605
f8686b41f44f,28f40919fc72,2,1685287203532,38699,161869338,460,1879701,86679605
f8686b41f44f,28f40919fc72,39,1685287203576,38699,161869338,460,1879701,86679605
f8686b41f44f,28f40919fc72,14,1685287213007,38699,161481504,460,1879701,86679605
f8686b41f44f,28f40919fc72,20,1685287222894,38699,161481504,460,1879701,86679605
f8686b41f44f,28f40919fc72,2,1685287293541,38699,161869341,460,1879701,86679605
f8686b41f44f,28f40919fc72,36,1685287293587,38699,161869341,460,1879701,86679605
f8686b41f44f,28f40919fc72,39,1685287293611,38699,161869341,460,1879701,86679605
f8686b41f44f,28f40919fc72,14,1685287296787,38699,116456666,460,1879701,86679605
f8686b41f44f,28f40919fc72,39,1685287296799,38699,116456666,460,1879701,86679605
f8686b41f44f,28f40919fc72,4,1685287325479,38699,161869341,460,1879701,86679605
f8686b41f44f,28f40919fc72,2,1685287325926,38699,161869341,460,1879701,86679605
f8686b41f44f,28f40919fc72,18,1685287325931,38699,161869341,460,1879701,86679605
f8686b41f44f,28f40919fc72,39,1685287326006,38699,161869341,460,1879701,86679605
f8686b41f44f,28f40919fc72,14,1685287327157,38699,161481504,460,1879701,86679605
f8686b41f44f,28f40919fc72,39,1685287327170,38699,161481504,460,1879701,86679605
f8686b41f44f,28f40919fc72,14,1685287327556,38699,116456671,460,1879701,86679605
f8686b41f44f,28f40919fc72,39,1685287327566,38699,116456671,460,1879701,86679605
f8686b41f44f,28f40919fc72,14,1685287335786,38699,161481759,460,1879701,86679605
f8686b41f44f,28f40919fc72,39,1685287335796,38699,161481759,460,1879701,86679605
f8686b41f44f,28f40919fc72,14,1685287341156,38699,116456671,460,1879701,86679605
f8686b41f44f,28f40919fc72,39,1685287341168,38699,116456671,460,1879701,86679605
f8686b41f44f,28f40919fc72,14,1685287406673,38699,161481759,460,1879701,86679605
f8686b41f44f,28f40919fc72,39,1685287406686,38699,161481759,460,1879701,86679605
f8686b41f44f,28f40919fc72,14,1685287407490,38699,161481504,460,1879701,86679605
f8686b41f44f,28f40919fc72,39,1685287407501,38699,161481504,460,1879701,86679605
f8686b41f44f,28f40919fc72,20,1685287443413,38699,161481504,460,1879701,86679605
f8686b41f44f,28f40919fc72,2,1685287455486,38699,161481759,460,1879701,86679605
f8686b41f44f,28f40919fc72,18,1685287455490,38699,161481759,460,1879701,86679605
f8686b41f44f,28f40919fc72,36,1685287455517,38699,161481759,460,1879701,86679605
f8686b41f44f,28f40919fc72,39,1685287455543,38699,161481759,460,1879701,86679605
f8686b41f44f,28f40919fc72,14,1685287455979,38699,161481504,460,1879701,86679605
f8686b41f44f,28f40919fc72,39,1685287455991,38699,161481504,460,1879701,86679605
f8686b41f44f,28f40919fc72,20,1685287465864,38699,161481504,460,1879701,86679605
f8686b41f44f,28f40919fc72,2,1685287467389,38699,161481504,460,1879701,86679605
f8686b41f44f,28f40919fc72,18,1685287467393,38699,161481504,460,1879701,86679605
f8686b41f44f,28f40919fc72,36,1685287467423,38699,161481504,460,1879701,86679605
f8686b41f44f,28f40919fc72,39,1685287467469,38699,161481504,460,1879701,86679605
f8686b41f44f,28f40919fc72,20,1685287480302,38699,161481504,460,1879701,86679605
f8686b41f44f,28f40919fc72,4,1685287503997,38699,116411099,460,1879701,86679605
f8686b41f44f,28f40919fc72,2,1685287506141,38699,116411099,460,1879701,86679605
f8686b41f44f,28f40919fc72,18,1685287506144,38699,116411099,460,1879701,86679605
f8686b41f44f,28f40919fc72,36,1685287506166,38699,116411099,460,1879701,86679605
f8686b41f44f,28f40919fc72,39,1685287506191,38699,116411099,460,1879701,86679605
f8686b41f44f,28f40919fc72,20,1685287526097,38699,116411099,460,1879701,86679605
f8686b41f44f,28f40919fc72,4,1685287528116,38699,116411099,460,1879701,86679605
f8686b41f44f,28f40919fc72,2,1685287529166,38699,116411099,460,1879701,86679605
f8686b41f44f,28f40919fc72,36,1685287529196,38699,116411099,460,1879701,86679605
f8686b41f44f,28f40919fc72,39,1685287529226,38699,116411099,460,1879701,86679605
f8686b41f44f,28f40919fc72,20,1685287546126,38699,116411099,460,1879701,86679605
f8686b41f44f,28f40919fc72,2,1685287550956,38699,116411099,460,1879701,86679605
f8686b41f44f,28f40919fc72,18,1685287550959,38699,116411099,460,1879701,86679605
f8686b41f44f,28f40919fc72,36,1685287550981,38699,116411099,460,1879701,86679605
f8686b41f44f,28f40919fc72,39,1685287551006,38699,116411099,460,1879701,86679605
f8686b41f44f,28f40919fc72,14,1685287553146,38699,161869341,460,1879701,86679605
f8686b41f44f,28f40919fc72,39,1685287553152,38699,161869341,460,1879701,86679605
f8686b41f44f,28f40919fc72,39,1685287555515,38699,116456666,460,1879701,86679605
f8686b41f44f,28f40919fc72,20,1685287570383,38699,116456666,460,1879701,86679605
f8686b41f44f,28f40919fc72,2,1685287584801,38699,161869338,460,1879701,86679605
f8686b41f44f,28f40919fc72,18,1685287584805,38699,161869338,460,1879701,86679605
f8686b41f44f,28f40919fc72,36,1685287584837,38699,161869338,460,1879701,86679605
f8686b41f44f,28f40919fc72,39,1685287584866,38699,161869338,460,1879701,86679605
f8686b41f44f,28f40919fc72,14,1685287594067,38699,161481504,460,1879701,86679605
f8686b41f44f,28f40919fc72,39,1685287594080,38699,161481504,460,1879701,86679605
f8686b41f44f,28f40919fc72,20,1685287603988,38699,161481504,460,1879701,86679605
f8686b41f44f,28f40919fc72,4,1685287614618,38699,116411099,460,1879701,86679605
f8686b41f44f,28f40919fc72,2,1685287617486,38699,116411099,460,1879701,86679605
f8686b41f44f,28f40919fc72,18,1685287617490,38699,116411099,460,1879701,86679605
f8686b41f44f,28f40919fc72,36,1685287617511,38699,116411099,460,1879701,86679605
f8686b41f44f,28f40919fc72,39,1685287617536,38699,116411099,460,1879701,86679605
f8686b41f44f,28f40919fc72,20,1685287627390,38699,116411099,460,1879701,86679605
f8686b41f44f,28f40919fc72,2,1685287636606,38699,116411099,460,1879701,86679605
f8686b41f44f,28f40919fc72,18,1685287636609,38699,116411099,460,1879701,86679605
f8686b41f44f,28f40919fc72,36,1685287636631,38699,116411099,460,1879701,86679605
f8686b41f44f,28f40919fc72,39,1685287636656,38699,116411099,460,1879701,86679605
f8686b41f44f,28f40919fc72,14,1685287645387,38699,161869341,460,1879701,86679605
f8686b41f44f,28f40919fc72,14,1685287646526,38699,116411099,460,1879701,86679605
f8686b41f44f,28f40919fc72,39,1685287646534,38699,116411099,460,1879701,86679605
f8686b41f44f,28f40919fc72,14,1685287648847,38699,116456671,460,1879701,86679605
f8686b41f44f,28f40919fc72,39,1685287648859,38699,116456671,460,1879701,86679605
f8686b41f44f,28f40919fc72,14,1685287649257,38699,161481504,460,1879701,86679605
f8686b41f44f,28f40919fc72,39,1685287649268,38699,161481504,460,1879701,86679605
f8686b41f44f,28f40919fc72,2,1685287711215,38699,116456676,460,1879701,86679605
f8686b41f44f,28f40919fc72,18,1685287711219,38699,116456676,460,1879701,86679605
f8686b41f44f,28f40919fc72,36,1685287711245,38699,116456676,460,1879701,86679605
f8686b41f44f,28f40919fc72,39,1685287711272,38699,116456676,460,1879701,86679605
f8686b41f44f,28f40919fc72,20,1685287723202,38699,116456676,460,1879701,86679605
f8686b41f44f,28f40919fc72,4,1685287723808,38699,116456676,460,1879701,86679605
f8686b41f44f,28f40919fc72,2,1685287725025,38699,116456676,460,1879701,86679605
f8686b41f44f,28f40919fc72,18,1685287725028,38699,116456676,460,1879701,86679605
f8686b41f44f,28f40919fc72,39,1685287725071,38699,116456676,460,1879701,86679605
f8686b41f44f,28f40919fc72,20,1685287740012,38699,116456676,460,1879701,86679605
f8686b41f44f,28f40919fc72,4,1685287742745,38699,161869341,460,1879701,86679605
f8686b41f44f,28f40919fc72,2,1685287745507,38699,161869341,460,1879701,86679605
f8686b41f44f,28f40919fc72,36,1685287745561,38699,161869341,460,1879701,86679605
f8686b41f44f,28f40919fc72,39,1685287745586,38699,161869341,460,1879701,86679605
f8686b41f44f,28f40919fc72,20,1685287758408,38699,161869341,460,1879701,86679605
f8686b41f44f,28f40919fc72,2,1685287777547,38699,161869341,460,1879701,86679605
f8686b41f44f,28f40919fc72,18,1685287777552,38699,161869341,460,1879701,86679605
f8686b41f44f,28f40919fc72,39,1685287777617,38699,161869341,460,1879701,86679605
f8686b41f44f,28f40919fc72,14,1685287780467,38699,116456666,460,1879701,86679605
f8686b41f44f,28f40919fc72,20,1685287807386,38699,116456666,460,1879701,86679605
f8686b41f44f,28f40919fc72,2,1685287825687,38699,116456676,460,1879701,86679605
f8686b41f44f,28f40919fc72,18,1685287825691,38699,116456676,460,1879701,86679605
f8686b41f44f,28f40919fc72,36,1685287825713,38699,116456676,460,1879701,86679605
f8686b41f44f,28f40919fc72,39,1685287825738,38699,116456676,460,1879701,86679605
f8686b41f44f,28f40919fc72,20,1685287835672,38699,116456676,460,1879701,86679605
f8686b41f44f,28f40919fc72,2,1685287838067,38699,161481504,460,1879701,86679605
f8686b41f44f,28f40919fc72,18,1685287838070,38699,161481504,460,1879701,86679605
f8686b41f44f,28f40919fc72,36,1685287838092,38699,161481504,460,1879701,86679605
f8686b41f44f,28f40919fc72,39,1685287838137,38699,161481504,460,1879701,86679605
f8686b41f44f,28f40919fc72,20,1685287856987,38699,161481504,460,1879701,86679605
f8686b41f44f,28f40919fc72,2,1685287904226,38699,161869338,460,1879701,86679605
f8686b41f44f,28f40919fc72,18,1685287904230,38699,161869338,460,1879701,86679605
f8686b41f44f,28f40919fc72,36,1685287904256,38699,161869338,460,1879701,86679605
f8686b41f44f,28f40919fc72,39,1685287904281,38699,161869338,460,1879701,86679605
f8686b41f44f,28f40919fc72,20,1685287914134,38699,161869338,460,1879701,86679605
f8686b41f44f,28f40919fc72,18,1685287916990,38699,161869338,460,1879701,86679605
f8686b41f44f,28f40919fc72,36,1685287917016,38699,161869338,460,1879701,86679605
f8686b41f44f,28f40919fc72,39,1685287917041,38699,161869338,460,1879701,86679605
f8686b41f44f,28f40919fc72,20,1685287930892,38699,161869338,460,1879701,86679605
f8686b41f44f,28f40919fc72,4,1685287972807,38699,161869338,460,1879701,86679605
f8686b41f44f,28f40919fc72,2,1685287973352,38699,161869338,460,1879701,86679605
f8686b41f44f,28f40919fc72,18,1685287973356,38699,161869338,460,1879701,86679605
f8686b41f44f,28f40919fc72,36,1685287973387,38699,161869338,460,1879701,86679605
f8686b41f44f,28f40919fc72,20,1685287983258,38699,161869338,460,1879701,86679605
f8686b41f44f,28f40919fc72,4,1685288025725,38699,161869338,460,1879701,86679605
f8686b41f44f,28f40919fc72,2,1685288025821,38699,161869338,460,1879701,86679605
f8686b41f44f,28f40919fc72,18,1685288025824,38699,161869338,460,1879701,86679605
f8686b41f44f,28f40919fc72,36,1685288025846,38699,161869338,460,1879701,86679605
f8686b41f44f,28f40919fc72,39,1685288025886,38699,161869338,460,1879701,86679605
f8686b41f44f,28f40919fc72,20,1685288035727,38699,161869338,460,1879701,86679605
f8686b41f44f,28f40919fc72,2,1685288036681,38699,161869338,460,1879701,86679605
f8686b41f44f,28f40919fc72,18,1685288036684,38699,161869338,460,1879701,86679605
f8686b41f44f,28f40919fc72,36,1685288036716,38699,161869338,460,1879701,86679605
f8686b41f44f,28f40919fc72,39,1685288036741,38699,161869338,460,1879701,86679605
f8686b41f44f,28f40919fc72,20,1685288046654,38699,161869338,460,1879701,86679605
f8686b41f44f,28f40919fc72,2,1685288057582,38699,161869338,460,1879701,86679605
f8686b41f44f,28f40919fc72,36,1685288057616,38699,161869338,460,1879701,86679605
f8686b41f44f,28f40919fc72,39,1685288057641,38699,161869338,460,1879701,86679605
f8686b41f44f,28f40919fc72,20,1685288067469,38699,161869338,460,1879701,86679605
f8686b41f44f,28f40919fc72,2,1685288146556,38699,161869338,460,1879701,86679605
f8686b41f44f,28f40919fc72,18,1685288146559,38699,161869338,460,1879701,86679605
f8686b41f44f,28f40919fc72,36,1685288146586,38699,161869338,460,1879701,86679605
f8686b41f44f,28f40919fc72,39,1685288146611,38699,161869338,460,1879701,86679605
f8686b41f44f,28f40919fc72,2,1685288265186,38699,161869338,460,1879701,86679605
f8686b41f44f,28f40919fc72,18,1685288265191,38699,161869338,460,1879701,86679605
f8686b41f44f,28f40919fc72,39,1685288265242,38699,161869338,460,1879701,86679605
f8686b41f44f,28f40919fc72,20,1685288282083,38699,161869338,460,1879701,86679605
f8686b41f44f,28f40919fc72,4,1685288447101,38699,161869338,460,1879701,86679605
f8686b41f44f,28f40919fc72,2,1685288448226,38699,161869338,460,1879701,86679605
f8686b41f44f,28f40919fc72,18,1685288448230,38699,161869338,460,1879701,86679605
f8686b41f44f,28f40919fc72,36,1685288448251,38699,161869338,460,1879701,86679605
f8686b41f44f,28f40919fc72,39,1685288448276,38699,161869338,460,1879701,86679605
f8686b41f44f,28f40919fc72,20,1685288458168,38699,161869338,460,1879701,86679605
f8686b41f44f,28f40919fc72,2,1685288479557,38699,161869338,460,1879701,86679605
f8686b41f44f,28f40919fc72,18,1685288479560,38699,161869338,460,1879701,86679605
f8686b41f44f,28f40919fc72,36,1685288479586,38699,161869338,460,1879701,86679605
f8686b41f44f,28f40919fc72,39,1685288479611,38699,161869338,460,1879701,86679605
f8686b41f44f,28f40919fc72,20,1685288489480,38699,161869338,460,1879701,86679605
f8686b41f44f,28f40919fc72,4,1685288674695,38699,161869338,460,1879701,86679605
f8686b41f44f,28f40919fc72,2,1685288676046,38699,161869338,460,1879701,86679605
f8686b41f44f,28f40919fc72,18,1685288676049,38699,161869338,460,1879701,86679605
f8686b41f44f,28f40919fc72,36,1685288676076,38699,161869338,460,1879701,86679605
f8686b41f44f,28f40919fc72,39,1685288676101,38699,161869338,460,1879701,86679605
f8686b41f44f,28f40919fc72,20,1685288685956,38699,161869338,460,1879701,86679605
f8686b41f44f,28f40919fc72,2,1685288746546,38699,161869338,460,1879701,86679605
f8686b41f44f,28f40919fc72,18,1685288746550,38699,161869338,460,1879701,86679605
f8686b41f44f,28f40919fc72,36,1685288746576,38699,161869338,460,1879701,86679605
f8686b41f44f,28f40919fc72,39,1685288746616,38699,161869338,460,1879701,86679605
f8686b41f44f,28f40919fc72,20,1685288756519,38699,161869338,460,1879701,86679605
f8686b41f44f,28f40919fc72,2,1685289046536,38699,161869338,460,1879701,86679605
f8686b41f44f,28f40919fc72,36,1685289046561,38699,161869338,460,1879701,86679605
f8686b41f44f,28f40919fc72,39,1685289046602,38699,161869338,460,1879701,86679605
f8686b41f44f,28f40919fc72,20,1685289056478,38699,161869338,460,1879701,86679605
f8686b41f44f,28f40919fc72,18,1685289059670,38699,161869338,460,1879701,86679605
f8686b41f44f,28f40919fc72,36,1685289059696,38699,161869338,460,1879701,86679605
f8686b41f44f,28f40919fc72,39,1685289059721,38699,161869338,460,1879701,86679605
f8686b41f44f,28f40919fc72,20,1685289069554,38699,161869338,460,1879701,86679605
f8686b41f44f,28f40919fc72,4,1685289124446,38699,161869338,460,1879701,86679605
f8686b41f44f,28f40919fc72,2,1685289125341,38699,161869338,460,1879701,86679605
f8686b41f44f,28f40919fc72,18,1685289125345,38699,161869338,460,1879701,86679605
f8686b41f44f,28f40919fc72,36,1685289125371,38699,161869338,460,1879701,86679605
f8686b41f44f,28f40919fc72,39,1685289125401,38699,161869338,460,1879701,86679605
f8686b41f44f,28f40919fc72,20,1685289135268,38699,161869338,460,1879701,86679605
f8686b41f44f,28f40919fc72,4,1685289197581,38699,161869338,460,1879701,86679605
f8686b41f44f,28f40919fc72,2,1685289198296,38699,161869338,460,1879701,86679605
f8686b41f44f,28f40919fc72,18,1685289198300,38699,161869338,460,1879701,86679605
f8686b41f44f,28f40919fc72,36,1685289198331,38699,161869338,460,1879701,86679605
f8686b41f44f,28f40919fc72,39,1685289198361,38699,161869338,460,1879701,86679605
f8686b41f44f,28f40919fc72,39,1685289251267,38699,161869341,460,1879701,86679605
f8686b41f44f,28f40919fc72,14,1685289252465,38699,116456674,460,1879701,86679605
f8686b41f44f,28f40919fc72,39,1685289252475,38699,116456674,460,1879701,86679605
f8686b41f44f,28f40919fc72,39,1685289255836,38699,116456676,460,1879701,86679605
f8686b41f44f,28f40919fc72,20,1685289370796,38699,116456676,460,1879701,86679605
f8686b41f44f,28f40919fc72,18,1685289504220,38699,116456676,460,1879701,86679605
f8686b41f44f,28f40919fc72,39,1685289504267,38699,116456676,460,1879701,86679605
f8686b41f44f,28f40919fc72,20,1685289514202,38699,116456676,460,1879701,86679605
f8686b41f44f,28f40919fc72,4,1685289570397,38699,116456676,460,1879701,86679605
f8686b41f44f,28f40919fc72,2,1685289570775,38699,116456676,460,1879701,86679605
f8686b41f44f,28f40919fc72,18,1685289570777,38699,116456676,460,1879701,86679605
f8686b41f44f,28f40919fc72,36,1685289570799,38699,116456676,460,1879701,86679605
f8686b41f44f,28f40919fc72,39,1685289570819,38699,116456676,460,1879701,86679605
